
Processing efficiency.cpp...

[1mRooFit v3.60 -- Developed by Wouter Verkerke and David Kirkby[0m 
                Copyright (C) 2000-2013 NIKHEF, University of California & Stanford University
                All rights reserved, please read http://roofit.sourceforge.net/license.txt

"results/bins_fit/globalMuon/" directory OK
[#1] INFO:InputArguments -- The formula PPTM_cond claims to use the variables (ProbeMuon_Pt,ProbeMuon_Eta,ProbeMuon_Phi) but only (ProbeMuon_Pt) seem to be in use.
  inputs:         ProbeMuon_Pt>=15.000000 && ProbeMuon_Pt< 20.000000
[#1] INFO:DataHandling -- RooAbsCategory::attachToTree(PassingProbeTrackingMuon) TTree branch PassingProbeTrackingMuon will be interpreted as category index
[#1] INFO:DataHandling -- RooTreeDataStore::loadValues(DATA) Skipping event #1 because ProbeMuon_Pt cannot accommodate the value 8.94856
[#1] INFO:DataHandling -- RooTreeDataStore::loadValues(DATA) Skipping event #4 because InvariantMass cannot accommodate the value 60.6086
[#1] INFO:DataHandling -- RooTreeDataStore::loadValues(DATA) Skipping event #7 because InvariantMass cannot accommodate the value 68.1354
[#1] INFO:DataHandling -- RooTreeDataStore::loadValues(DATA) Skipping event #9 because InvariantMass cannot accommodate the value 64.0556
[#1] INFO:DataHandling -- RooTreeDataStore::loadValues(DATA) Skipping ...
[#0] WARNING:DataHandling -- RooTreeDataStore::loadValues(DATA) Ignored 71424 out-of-range events
[#1] INFO:InputArguments -- RooDataHist::importDHistSet(combData) defining state "ALL" in index category sample
[#1] INFO:Minization -- p.d.f. provides expected number of events, including extended term in likelihood.
[#1] INFO:Minization -- RooMinimizer::optimizeConst: activating const optimization
RooAbsTestStatistic::initSimMode: creating slave calculator #0 for state ALL (100 dataset entries)
RooAbsTestStatistic::initSimMode: creating slave calculator #1 for state PASSING (100 dataset entries)
[#1] INFO:Fitting -- RooAbsTestStatistic::initSimMode: created 2 slave calculators.
[#1] INFO:Minization --  The following expressions will be evaluated in cache-and-track mode: (CBS,BW,BG)
[#1] INFO:Minization --  The following expressions will be evaluated in cache-and-track mode: (CBS,BW,BG)
 **********
 **    1 **SET PRINT           1
 **********
 **********
 **    2 **SET NOGRAD
 **********
 PARAMETER DEFINITIONS:
    NO.   NAME         VALUE      STEP SIZE      LIMITS
     1 a            0.00000e+00  2.00000e-01   -1.00000e+00  1.00000e+00
     2 alpha        3.30000e+00  5.00000e-01    0.00000e+00  5.00000e+00
     3 mean         9.11976e+01  2.00000e+00    8.00000e+01  1.00000e+02
     4 n            5.10000e+00  1.00000e+00    0.00000e+00  1.00000e+01
     5 n_back       1.00000e+04  1.88380e+03    0.00000e+00  1.88380e+04
     6 n_back_pass   1.00000e+04  1.82540e+03    0.00000e+00  1.82540e+04
     7 n_signal_total   1.88380e+04  1.88380e+03    0.00000e+00  1.88380e+04
 MINUIT WARNING IN PARAM DEF
 ============== STARTING VALUE IS AT LIMIT.
 MINUIT WARNING IN PARAMETR
 ============== VARIABLE7 IS AT ITS UPPER ALLOWED LIMIT.
 MINUIT WARNING IN PARAMETR
 ============== VARIABLE7 BROUGHT BACK INSIDE LIMITS.
     8 n_signal_total_pass   1.82540e+04  1.82540e+03    0.00000e+00  1.82540e+04
 MINUIT WARNING IN PARAM DEF
 ============== STARTING VALUE IS AT LIMIT.
 MINUIT WARNING IN PARAMETR
 ============== VARIABLE8 IS AT ITS UPPER ALLOWED LIMIT.
 MINUIT WARNING IN PARAMETR
 ============== VARIABLE8 BROUGHT BACK INSIDE LIMITS.
     9 sigma        4.12000e+00  2.01000e+00    1.00000e-01  1.00000e+02
    10 sigma_cb     2.00000e+00  5.00000e-01    1.00000e+00  4.00000e+01
 **********
 **    3 **SET ERR         0.5
 **********
 **********
 **    4 **SET PRINT           1
 **********
 **********
 **    5 **SET STR           1
 **********
 NOW USING STRATEGY  1: TRY TO BALANCE SPEED AGAINST RELIABILITY
 **********
 **    6 **MIGRAD        5000           1
 **********
 FIRST CALL TO USER FUNCTION AT NEW START POINT, WITH IFLAG=4.
 MINUIT WARNING IN MIGrad    
 ============== VARIABLE7 IS AT ITS UPPER ALLOWED LIMIT.
 MINUIT WARNING IN MIGrad    
 ============== VARIABLE8 IS AT ITS UPPER ALLOWED LIMIT.
 START MIGRAD MINIMIZATION.  STRATEGY  1.  CONVERGENCE WHEN EDM .LT. 1.00e-03
 FCN=-184735 FROM MIGRAD    STATUS=INITIATE      138 CALLS         139 TOTAL
                     EDM= unknown      STRATEGY= 1      NO ERROR MATRIX       
  EXT PARAMETER               CURRENT GUESS       STEP         FIRST   
  NO.   NAME      VALUE            ERROR          SIZE      DERIVATIVE 
   1  a            0.00000e+00   2.00000e-01   0.00000e+00   5.59645e+04
   2  alpha        7.94772e-01   5.00000e-01   0.00000e+00  -1.10743e+03
   3  mean         9.11976e+01   2.00000e+00   0.00000e+00   1.60694e+04
   4  n            5.10000e+00   1.00000e+00   0.00000e+00  -1.70064e+02
   5  n_back       1.00000e+04   1.88380e+03   0.00000e+00   3.19419e+03
   6  n_back_pass   1.00000e+04   1.82540e+03   0.00000e+00   3.40171e+03
   7  n_signal_total   1.22644e+04   1.88380e+03   0.00000e+00   2.09528e+01
   8  n_signal_total_pass   1.21274e+04   1.82540e+03  -1.23388e+00   9.17058e+01
   9  sigma        4.12000e+00   2.01000e+00   0.00000e+00   6.42487e+03
  10  sigma_cb     2.00000e+00   5.00000e-01   0.00000e+00   4.82569e+03
                               ERR DEF= 0.5
 MIGRAD MINIMIZATION HAS CONVERGED.
 FCN=-189462 FROM MIGRAD    STATUS=CONVERGED     753 CALLS         754 TOTAL
                     EDM=4.14577e-05    STRATEGY= 1  ERROR MATRIX UNCERTAINTY   2.5 per cent
  EXT PARAMETER                                   STEP         FIRST   
  NO.   NAME      VALUE            ERROR          SIZE      DERIVATIVE 
   1  a           -8.21810e-02   6.53746e-03   2.50059e-05   6.17688e-01
   2  alpha        1.12262e+00   5.38006e-02  -2.37725e-04   1.77729e-01
   3  mean         9.05997e+01   1.93666e-02  -1.48583e-05  -1.54735e+00
   4  n            1.02730e+00   1.92206e-01   6.80255e-04   1.23258e-01
   5  n_back       2.05551e+03   2.42760e+02   2.82751e-04  -2.31805e-01
   6  n_back_pass   1.68560e+03   2.31508e+02   5.41595e-04   2.28826e-03
   7  n_signal_total   1.67817e+04   2.53520e+02  -3.38796e-04  -3.12199e-01
   8  n_signal_total_pass   1.65691e+04   2.70273e+02  -7.10550e-04   1.61314e-01
   9  sigma        4.18677e+00   2.32796e-01  -9.55292e-05  -1.11814e+00
  10  sigma_cb     2.29486e+00   9.04579e-02   6.01383e-05  -1.12399e+00
                               ERR DEF= 0.5
 EXTERNAL ERROR MATRIX.    NDIM=  25    NPAR= 10    ERR DEF=0.5
  4.274e-05 -1.279e-04 -2.216e-05  4.330e-04  1.027e+00  9.166e-01 -9.431e-01 -1.029e+00 -1.228e-03  4.145e-04 
 -1.279e-04  2.895e-03 -1.497e-04 -9.091e-03 -8.340e+00 -8.290e+00  8.080e+00  9.369e+00  6.695e-03 -1.887e-03 
 -2.216e-05 -1.497e-04  3.751e-04  1.375e-04 -4.294e-01 -3.295e-01  3.339e-01  4.458e-01  9.526e-04 -6.074e-04 
  4.330e-04 -9.091e-03  1.375e-04  3.699e-02  3.890e+01  3.808e+01 -3.801e+01 -4.134e+01 -2.191e-02  6.542e-03 
  1.027e+00 -8.340e+00 -4.294e-01  3.890e+01  5.897e+04  5.073e+04 -5.522e+04 -5.497e+04 -3.757e+01  1.198e+01 
  9.166e-01 -8.290e+00 -3.295e-01  3.808e+01  5.073e+04  5.363e+04 -4.950e+04 -5.628e+04 -3.523e+01  1.107e+01 
 -9.431e-01  8.080e+00  3.339e-01 -3.801e+01 -5.522e+04 -4.950e+04  6.431e+04  5.642e+04  3.623e+01 -1.205e+01 
 -1.029e+00  9.369e+00  4.458e-01 -4.134e+01 -5.497e+04 -5.628e+04  5.642e+04  7.311e+04  3.864e+01 -1.205e+01 
 -1.228e-03  6.695e-03  9.526e-04 -2.191e-02 -3.757e+01 -3.523e+01  3.623e+01  3.864e+01  5.420e-02 -1.920e-02 
  4.145e-04 -1.887e-03 -6.074e-04  6.542e-03  1.198e+01  1.107e+01 -1.205e+01 -1.205e+01 -1.920e-02  8.183e-03 
 PARAMETER  CORRELATION COEFFICIENTS  
       NO.  GLOBAL      1      2      3      4      5      6      7      8      9     10
        1  0.90018   1.000 -0.364 -0.175  0.344  0.647  0.605 -0.569 -0.582 -0.807  0.701
        2  0.96086  -0.364  1.000 -0.144 -0.878 -0.638 -0.665  0.592  0.644  0.534 -0.388
        3  0.51894  -0.175 -0.144  1.000  0.037 -0.091 -0.073  0.068  0.085  0.211 -0.347
        4  0.98539   0.344 -0.878  0.037  1.000  0.833  0.855 -0.779 -0.795 -0.489  0.376
        5  0.96232   0.647 -0.638 -0.091  0.833  1.000  0.902 -0.897 -0.837 -0.665  0.546
        6  0.96076   0.605 -0.665 -0.073  0.855  0.902  1.000 -0.843 -0.899 -0.653  0.529
        7  0.91078  -0.569  0.592  0.068 -0.779 -0.897 -0.843  1.000  0.823  0.614 -0.525
        8  0.91112  -0.582  0.644  0.085 -0.795 -0.837 -0.899  0.823  1.000  0.614 -0.492
        9  0.96329  -0.807  0.534  0.211 -0.489 -0.665 -0.653  0.614  0.614  1.000 -0.912
       10  0.93694   0.701 -0.388 -0.347  0.376  0.546  0.529 -0.525 -0.492 -0.912  1.000
 **********
 **    7 **SET ERR         0.5
 **********
 **********
 **    8 **SET PRINT           1
 **********
 **********
 **    9 **HESSE        5000
 **********
 COVARIANCE MATRIX CALCULATED SUCCESSFULLY
 FCN=-189462 FROM HESSE     STATUS=OK            102 CALLS         856 TOTAL
                     EDM=0.000105953    STRATEGY= 1      ERROR MATRIX ACCURATE 
  EXT PARAMETER                                INTERNAL      INTERNAL  
  NO.   NAME      VALUE            ERROR       STEP SIZE       VALUE   
   1  a           -8.21810e-02   6.73781e-03   9.67396e-04  -8.22738e-02
   2  alpha        1.12262e+00   5.54135e-02   2.54524e-03  -5.83505e-01
   3  mean         9.05997e+01   1.97617e-02   5.10500e-04   6.00068e-02
   4  n            1.02730e+00   1.71798e-01   3.52563e-03  -9.18249e-01
   5  n_back       2.05551e+03   2.29138e+02   3.79068e-03  -8.97500e-01
   6  n_back_pass   1.68560e+03   2.10223e+02   3.97529e-03  -9.53276e-01
   7  n_signal_total   1.67817e+04   2.58220e+02   6.90009e-03   8.97366e-01
   8  n_signal_total_pass   1.65691e+04   2.42008e+02   7.58953e-03   9.53414e-01
   9  sigma        4.18677e+00   2.27174e-01   1.01351e-03  -1.16347e+00
  10  sigma_cb     2.29486e+00   8.90944e-02   1.47682e-03  -1.20432e+00
                               ERR DEF= 0.5
 EXTERNAL ERROR MATRIX.    NDIM=  25    NPAR= 10    ERR DEF=0.5
  4.540e-05 -8.927e-05 -2.661e-05  3.020e-04  9.887e-01  8.289e-01 -9.823e-01 -8.230e-01 -1.144e-03  3.698e-04 
 -8.927e-05  3.071e-03 -2.046e-04 -7.916e-03 -6.386e+00 -5.993e+00  6.354e+00  5.959e+00  6.218e-03 -1.764e-03 
 -2.661e-05 -2.046e-04  3.905e-04  1.578e-04 -5.656e-01 -4.668e-01  5.619e-01  4.634e-01  8.855e-04 -5.872e-04 
  3.020e-04 -7.916e-03  1.578e-04  2.955e-02  3.028e+01  2.871e+01 -3.013e+01 -2.855e+01 -1.707e-02  5.115e-03 
  9.887e-01 -6.386e+00 -5.656e-01  3.028e+01  5.253e+04  4.209e+04 -5.020e+04 -4.184e+04 -3.288e+01  1.036e+01 
  8.289e-01 -5.993e+00 -4.668e-01  2.871e+01  4.209e+04  4.422e+04 -4.187e+04 -4.227e+04 -2.845e+01  8.939e+00 
 -9.823e-01  6.354e+00  5.619e-01 -3.013e+01 -5.020e+04 -4.187e+04  6.672e+04  4.161e+04  3.268e+01 -1.030e+01 
 -8.230e-01  5.959e+00  4.634e-01 -2.855e+01 -4.184e+04 -4.227e+04  4.161e+04  5.861e+04  2.826e+01 -8.879e+00 
 -1.144e-03  6.218e-03  8.855e-04 -1.707e-02 -3.288e+01 -2.845e+01  3.268e+01  2.826e+01  5.161e-02 -1.818e-02 
  3.698e-04 -1.764e-03 -5.872e-04  5.115e-03  1.036e+01  8.939e+00 -1.030e+01 -8.879e+00 -1.818e-02  7.938e-03 
 PARAMETER  CORRELATION COEFFICIENTS  
       NO.  GLOBAL      1      2      3      4      5      6      7      8      9     10
        1  0.87976   1.000 -0.239 -0.200  0.261  0.640  0.585 -0.564 -0.505 -0.747  0.616
        2  0.94780  -0.239  1.000 -0.187 -0.831 -0.503 -0.514  0.444  0.444  0.494 -0.357
        3  0.51390  -0.200 -0.187  1.000  0.046 -0.125 -0.112  0.110  0.097  0.197 -0.333
        4  0.97822   0.261 -0.831  0.046  1.000  0.769  0.794 -0.679 -0.686 -0.437  0.334
        5  0.94637   0.640 -0.503 -0.125  0.769  1.000  0.873 -0.848 -0.754 -0.631  0.508
        6  0.94321   0.585 -0.514 -0.112  0.794  0.873  1.000 -0.771 -0.830 -0.596  0.477
        7  0.85304  -0.564  0.444  0.110 -0.679 -0.848 -0.771  1.000  0.665  0.557 -0.448
        8  0.83490  -0.505  0.444  0.097 -0.686 -0.754 -0.830  0.665  1.000  0.514 -0.412
        9  0.95591  -0.747  0.494  0.197 -0.437 -0.631 -0.596  0.557  0.514  1.000 -0.898
       10  0.92284   0.616 -0.357 -0.333  0.334  0.508  0.477 -0.448 -0.412 -0.898  1.000
[#1] INFO:Minization -- RooMinimizer::optimizeConst: deactivating const optimization
[#1] INFO:Plotting -- RooAbsPdf::plotOn(model) directly selected PDF components: (signal)
[#1] INFO:Plotting -- RooAbsPdf::plotOn(model) indirectly selected PDF components: (CBS,BW)
[#1] INFO:Plotting -- RooAbsPdf::plotOn(model) directly selected PDF components: (BG)
[#1] INFO:Plotting -- RooAbsPdf::plotOn(model) indirectly selected PDF components: ()
[#0] ERROR:Plotting -- RooAbsPdf::plotOn(model) ERROR: component selection expression 'VT' does not select any components of p.d.f.
[#0] ERROR:Plotting -- RooAbsPdf::plotOn(model) ERROR: component selection expression 'VT2' does not select any components of p.d.f.
[#1] INFO:Plotting -- RooAbsPdf::plotOn(model) directly selected PDF components: (CBS)
[#1] INFO:Plotting -- RooAbsPdf::plotOn(model) indirectly selected PDF components: (signal)
[#1] INFO:Plotting -- RooAbsPdf::plotOn(model) directly selected PDF components: (BW)
[#1] INFO:Plotting -- RooAbsPdf::plotOn(model) indirectly selected PDF components: (signal)
[#1] INFO:Plotting -- RooAbsPdf::plotOn(model_pass) directly selected PDF components: (signal)
[#1] INFO:Plotting -- RooAbsPdf::plotOn(model_pass) indirectly selected PDF components: (CBS,BW)
[#1] INFO:Plotting -- RooAbsPdf::plotOn(model_pass) directly selected PDF components: (BG)
[#1] INFO:Plotting -- RooAbsPdf::plotOn(model_pass) indirectly selected PDF components: ()
[#0] ERROR:Plotting -- RooAbsPdf::plotOn(model_pass) ERROR: component selection expression 'VT' does not select any components of p.d.f.
[#0] ERROR:Plotting -- RooAbsPdf::plotOn(model_pass) ERROR: component selection expression 'VT2' does not select any components of p.d.f.
[#1] INFO:Plotting -- RooAbsPdf::plotOn(model_pass) directly selected PDF components: (CBS)
[#1] INFO:Plotting -- RooAbsPdf::plotOn(model_pass) indirectly selected PDF components: (signal)
[#1] INFO:Plotting -- RooAbsPdf::plotOn(model_pass) directly selected PDF components: (BW)
[#1] INFO:Plotting -- RooAbsPdf::plotOn(model_pass) indirectly selected PDF components: (signal)
integralbackground = 0.0371827
###################################################################################################################################################
background = 0.000613525
###################################################################################################################################################
[#1] INFO:InputArguments -- The formula PPTM_cond claims to use the variables (ProbeMuon_Pt,ProbeMuon_Eta,ProbeMuon_Phi) but only (ProbeMuon_Pt) seem to be in use.
  inputs:         ProbeMuon_Pt>=20.000000 && ProbeMuon_Pt< 25.000000
[#1] INFO:DataHandling -- RooAbsCategory::attachToTree(PassingProbeTrackingMuon) TTree branch PassingProbeTrackingMuon will be interpreted as category index
[#1] INFO:DataHandling -- RooTreeDataStore::loadValues(DATA) Skipping event #1 because ProbeMuon_Pt cannot accommodate the value 8.94856
[#1] INFO:DataHandling -- RooTreeDataStore::loadValues(DATA) Skipping event #4 because InvariantMass cannot accommodate the value 60.6086
[#1] INFO:DataHandling -- RooTreeDataStore::loadValues(DATA) Skipping event #7 because InvariantMass cannot accommodate the value 68.1354
[#1] INFO:DataHandling -- RooTreeDataStore::loadValues(DATA) Skipping event #9 because InvariantMass cannot accommodate the value 64.0556
[#1] INFO:DataHandling -- RooTreeDataStore::loadValues(DATA) Skipping ...
[#0] WARNING:DataHandling -- RooTreeDataStore::loadValues(DATA) Ignored 71424 out-of-range events
[#1] INFO:InputArguments -- RooDataHist::importDHistSet(combData) defining state "ALL" in index category sample
[#1] INFO:Minization -- p.d.f. provides expected number of events, including extended term in likelihood.
[#1] INFO:Minization -- RooMinimizer::optimizeConst: activating const optimization
RooAbsTestStatistic::initSimMode: creating slave calculator #0 for state ALL (100 dataset entries)
RooAbsTestStatistic::initSimMode: creating slave calculator #1 for state PASSING (100 dataset entries)
[#1] INFO:Fitting -- RooAbsTestStatistic::initSimMode: created 2 slave calculators.
[#1] INFO:Minization --  The following expressions will be evaluated in cache-and-track mode: (CBS,BW,BG)
[#1] INFO:Minization --  The following expressions will be evaluated in cache-and-track mode: (CBS,BW,BG)
 **********
 **   10 **SET PRINT           1
 **********
 **********
 **   11 **SET NOGRAD
 **********
 PARAMETER DEFINITIONS:
    NO.   NAME         VALUE      STEP SIZE      LIMITS
     1 a            0.00000e+00  2.00000e-01   -1.00000e+00  1.00000e+00
     2 alpha        3.30000e+00  5.00000e-01    0.00000e+00  5.00000e+00
     3 mean         9.11976e+01  2.00000e+00    8.00000e+01  1.00000e+02
     4 n            5.10000e+00  1.00000e+00    0.00000e+00  1.00000e+01
     5 n_back       1.00000e+04  4.09040e+03    0.00000e+00  4.09040e+04
     6 n_back_pass   1.00000e+04  4.02240e+03    0.00000e+00  4.02240e+04
     7 n_signal_total   4.09040e+04  4.09040e+03    0.00000e+00  4.09040e+04
 MINUIT WARNING IN PARAM DEF
 ============== STARTING VALUE IS AT LIMIT.
 MINUIT WARNING IN PARAMETR
 ============== VARIABLE7 IS AT ITS UPPER ALLOWED LIMIT.
 MINUIT WARNING IN PARAMETR
 ============== VARIABLE7 BROUGHT BACK INSIDE LIMITS.
     8 n_signal_total_pass   4.02240e+04  4.02240e+03    0.00000e+00  4.02240e+04
 MINUIT WARNING IN PARAM DEF
 ============== STARTING VALUE IS AT LIMIT.
 MINUIT WARNING IN PARAMETR
 ============== VARIABLE8 IS AT ITS UPPER ALLOWED LIMIT.
 MINUIT WARNING IN PARAMETR
 ============== VARIABLE8 BROUGHT BACK INSIDE LIMITS.
     9 sigma        4.12000e+00  2.01000e+00    1.00000e-01  1.00000e+02
    10 sigma_cb     2.00000e+00  5.00000e-01    1.00000e+00  4.00000e+01
 **********
 **   12 **SET ERR         0.5
 **********
 **********
 **   13 **SET PRINT           1
 **********
 **********
 **   14 **SET STR           1
 **********
 NOW USING STRATEGY  1: TRY TO BALANCE SPEED AGAINST RELIABILITY
 **********
 **   15 **MIGRAD        5000           1
 **********
 FIRST CALL TO USER FUNCTION AT NEW START POINT, WITH IFLAG=4.
 MINUIT WARNING IN MIGrad    
 ============== VARIABLE7 IS AT ITS UPPER ALLOWED LIMIT.
 MINUIT WARNING IN MIGrad    
 ============== VARIABLE8 IS AT ITS UPPER ALLOWED LIMIT.
 START MIGRAD MINIMIZATION.  STRATEGY  1.  CONVERGENCE WHEN EDM .LT. 1.00e-03
 FCN=-477996 FROM MIGRAD    STATUS=INITIATE      171 CALLS         172 TOTAL
                     EDM= unknown      STRATEGY= 1      NO ERROR MATRIX       
  EXT PARAMETER               CURRENT GUESS       STEP         FIRST   
  NO.   NAME      VALUE            ERROR          SIZE      DERIVATIVE 
   1  a            0.00000e+00   2.00000e-01   0.00000e+00   6.89544e+04
   2  alpha        7.10782e-01   5.00000e-01   0.00000e+00  -1.08930e+03
   3  mean         9.11976e+01   2.00000e+00   0.00000e+00   3.62923e+04
   4  n            2.22160e+00   1.00000e+00   0.00000e+00  -5.44206e+02
   5  n_back       1.00000e+04   4.09040e+03   0.00000e+00   4.19433e+03
   6  n_back_pass   1.00000e+04   4.02240e+03   0.00000e+00   4.53091e+03
   7  n_signal_total   3.32630e+04   4.09040e+03   0.00000e+00  -1.30503e+01
   8  n_signal_total_pass   3.28568e+04   4.02240e+03  -8.82525e-01   1.24788e+01
   9  sigma        4.12000e+00   2.01000e+00   0.00000e+00   1.25037e+04
  10  sigma_cb     2.00000e+00   5.00000e-01   0.00000e+00   7.67722e+03
                               ERR DEF= 0.5
 MIGRAD FAILS TO FIND IMPROVEMENT
 MIGRAD MINIMIZATION HAS CONVERGED.
 FCN=-482439 FROM MIGRAD    STATUS=CONVERGED     766 CALLS         767 TOTAL
                     EDM=0.000514524    STRATEGY= 1  ERROR MATRIX UNCERTAINTY   4.2 per cent
  EXT PARAMETER                                   STEP         FIRST   
  NO.   NAME      VALUE            ERROR          SIZE      DERIVATIVE 
   1  a           -1.12369e-01   1.40380e-02  -0.00000e+00   2.35524e+00
   2  alpha        1.14672e+00   3.26391e-02   0.00000e+00  -1.63334e+00
   3  mean         9.06408e+01   1.19267e-02  -0.00000e+00  -9.30712e-01
   4  n            7.31951e-01   7.68612e-02  -0.00000e+00  -9.09198e-01
   5  n_back       1.92296e+03   3.68072e+02  -0.00000e+00   2.79584e-01
   6  n_back_pass   1.63105e+03   3.34174e+02  -0.00000e+00  -2.70468e-01
   7  n_signal_total   3.89812e+04   4.18849e+02   0.00000e+00  -2.29486e-01
   8  n_signal_total_pass   3.85939e+04   3.89102e+02   0.00000e+00  -6.26533e-02
   9  sigma        4.03324e+00   8.94343e-02   0.00000e+00   4.05244e+00
  10  sigma_cb     2.24479e+00   3.95413e-02  -0.00000e+00   2.06830e-01
                               ERR DEF= 0.5
 EXTERNAL ERROR MATRIX.    NDIM=  25    NPAR= 10    ERR DEF=0.5
  1.971e-04 -1.385e-04 -8.418e-06  6.295e-04  4.343e+00  3.821e+00 -4.365e+00 -3.810e+00 -7.485e-04  2.017e-04 
 -1.385e-04  1.065e-03 -5.993e-05 -2.016e-03 -5.684e+00 -5.337e+00  5.830e+00  5.336e+00  1.524e-03 -5.173e-04 
 -8.418e-06 -5.993e-05  1.422e-04  3.419e-05 -1.547e-01 -1.299e-01  1.630e-01  7.797e-02  4.500e-05 -1.093e-04 
  6.295e-04 -2.016e-03  3.419e-05  5.909e-03  2.375e+01  2.191e+01 -2.403e+01 -2.185e+01 -3.240e-03  1.015e-03 
  4.343e+00 -5.684e+00 -1.547e-01  2.375e+01  1.356e+05  1.144e+05 -1.342e+05 -1.145e+05 -1.719e+01  4.865e+00 
  3.821e+00 -5.337e+00 -1.299e-01  2.191e+01  1.144e+05  1.117e+05 -1.154e+05 -1.101e+05 -1.517e+01  4.293e+00 
 -4.365e+00  5.830e+00  1.630e-01 -2.403e+01 -1.342e+05 -1.154e+05  1.756e+05  1.152e+05  1.770e+01 -4.982e+00 
 -3.810e+00  5.336e+00  7.797e-02 -2.185e+01 -1.145e+05 -1.101e+05  1.152e+05  1.515e+05  1.510e+01 -4.196e+00 
 -7.485e-04  1.524e-03  4.500e-05 -3.240e-03 -1.719e+01 -1.517e+01  1.770e+01  1.510e+01  7.999e-03 -2.803e-03 
  2.017e-04 -5.173e-04 -1.093e-04  1.015e-03  4.865e+00  4.293e+00 -4.982e+00 -4.196e+00 -2.803e-03  1.564e-03 
 PARAMETER  CORRELATION COEFFICIENTS  
       NO.  GLOBAL      1      2      3      4      5      6      7      8      9     10
        1  0.92006   1.000 -0.302 -0.050  0.583  0.840  0.814 -0.742 -0.697 -0.596  0.363
        2  0.94811  -0.302  1.000 -0.154 -0.803 -0.473 -0.489  0.426  0.420  0.522 -0.401
        3  0.42110  -0.050 -0.154  1.000  0.037 -0.035 -0.033  0.033  0.017  0.042 -0.232
        4  0.98342   0.583 -0.803  0.037  1.000  0.839  0.853 -0.746 -0.730 -0.471  0.334
        5  0.97025   0.840 -0.473 -0.035  0.839  1.000  0.930 -0.870 -0.799 -0.522  0.334
        6  0.96654   0.814 -0.489 -0.033  0.853  0.930  1.000 -0.824 -0.846 -0.508  0.325
        7  0.87186  -0.742  0.426  0.033 -0.746 -0.870 -0.824  1.000  0.706  0.472 -0.301
        8  0.84671  -0.697  0.420  0.017 -0.730 -0.799 -0.846  0.706  1.000  0.434 -0.273
        9  0.89421  -0.596  0.522  0.042 -0.471 -0.522 -0.508  0.472  0.434  1.000 -0.793
       10  0.83027   0.363 -0.401 -0.232  0.334  0.334  0.325 -0.301 -0.273 -0.793  1.000
 **********
 **   16 **SET ERR         0.5
 **********
 **********
 **   17 **SET PRINT           1
 **********
 **********
 **   18 **HESSE        5000
 **********
 COVARIANCE MATRIX CALCULATED SUCCESSFULLY
 FCN=-482439 FROM HESSE     STATUS=OK            102 CALLS         869 TOTAL
                     EDM=0.000593865    STRATEGY= 1      ERROR MATRIX ACCURATE 
  EXT PARAMETER                                INTERNAL      INTERNAL  
  NO.   NAME      VALUE            ERROR       STEP SIZE       VALUE   
   1  a           -1.12369e-01   1.32199e-02   2.65606e-03  -1.12607e-01
   2  alpha        1.14672e+00   3.13720e-02   2.35010e-03  -5.71995e-01
   3  mean         9.06408e+01   1.19545e-02   5.20538e-04   6.41232e-02
   4  n            7.31951e-01   7.05814e-02   2.58676e-03  -1.02288e+00
   5  n_back       1.92296e+03   3.32778e+02   4.91028e-03  -1.13368e+00
   6  n_back_pass   1.63105e+03   3.04095e+02   5.17621e-03  -1.16529e+00
   7  n_signal_total   3.89812e+04   3.80570e+02   1.12170e-02   1.13371e+00
   8  n_signal_total_pass   3.85939e+04   3.55954e+02   1.21406e-02   1.16541e+00
   9  sigma        4.03324e+00   8.93955e-02   9.96165e-04  -1.17130e+00
  10  sigma_cb     2.24479e+00   3.90440e-02   1.53147e-03  -1.21156e+00
                               ERR DEF= 0.5
 EXTERNAL ERROR MATRIX.    NDIM=  25    NPAR= 10    ERR DEF=0.5
  1.748e-04 -8.903e-05 -1.037e-05  4.601e-04  3.584e+00  3.152e+00 -3.532e+00 -3.102e+00 -6.744e-04  1.813e-04 
 -8.903e-05  9.843e-04 -6.283e-05 -1.747e-03 -4.241e+00 -3.988e+00  4.186e+00  3.929e+00  1.367e-03 -4.301e-04 
 -1.037e-05 -6.283e-05  1.429e-04  3.552e-05 -1.919e-01 -1.660e-01  1.891e-01  1.633e-01  6.144e-05 -1.137e-04 
  4.601e-04 -1.747e-03  3.552e-05  4.983e-03  1.871e+01  1.742e+01 -1.847e+01 -1.716e+01 -2.673e-03  7.876e-04 
  3.584e+00 -4.241e+00 -1.919e-01  1.871e+01  1.108e+05  9.255e+04 -1.074e+05 -9.113e+04 -1.470e+01  4.048e+00 
  3.152e+00 -3.988e+00 -1.660e-01  1.742e+01  9.255e+04  9.252e+04 -9.128e+04 -8.951e+04 -1.298e+01  3.584e+00 
 -3.532e+00  4.186e+00  1.891e-01 -1.847e+01 -1.074e+05 -9.128e+04  1.449e+05  8.988e+04  1.449e+01 -3.991e+00 
 -3.102e+00  3.929e+00  1.633e-01 -1.716e+01 -9.113e+04 -8.951e+04  8.988e+04  1.268e+05  1.277e+01 -3.527e+00 
 -6.744e-04  1.367e-03  6.144e-05 -2.673e-03 -1.470e+01 -1.298e+01  1.449e+01  1.277e+01  7.992e-03 -2.768e-03 
  1.813e-04 -4.301e-04 -1.137e-04  7.876e-04  4.048e+00  3.584e+00 -3.991e+00 -3.527e+00 -2.768e-03  1.524e-03 
 PARAMETER  CORRELATION COEFFICIENTS  
       NO.  GLOBAL      1      2      3      4      5      6      7      8      9     10
        1  0.91228   1.000 -0.215 -0.066  0.493  0.814  0.784 -0.702 -0.659 -0.571  0.351
        2  0.94447  -0.215  1.000 -0.168 -0.789 -0.406 -0.418  0.350  0.352  0.487 -0.351
        3  0.42348  -0.066 -0.168  1.000  0.042 -0.048 -0.046  0.042  0.038  0.057 -0.244
        4  0.97987   0.493 -0.789  0.042  1.000  0.796  0.811 -0.687 -0.683 -0.424  0.286
        5  0.96397   0.814 -0.406 -0.048  0.796  1.000  0.914 -0.847 -0.769 -0.494  0.311
        6  0.95962   0.784 -0.418 -0.046  0.811  0.914  1.000 -0.788 -0.826 -0.477  0.302
        7  0.84892  -0.702  0.350  0.042 -0.687 -0.847 -0.788  1.000  0.663  0.426 -0.268
        8  0.82778  -0.659  0.352  0.038 -0.683 -0.769 -0.826  0.663  1.000  0.401 -0.254
        9  0.89229  -0.571  0.487  0.057 -0.424 -0.494 -0.477  0.426  0.401  1.000 -0.793
       10  0.82837   0.351 -0.351 -0.244  0.286  0.311  0.302 -0.268 -0.254 -0.793  1.000
[#1] INFO:Minization -- RooMinimizer::optimizeConst: deactivating const optimization
[#1] INFO:Plotting -- RooAbsPdf::plotOn(model) directly selected PDF components: (signal)
[#1] INFO:Plotting -- RooAbsPdf::plotOn(model) indirectly selected PDF components: (CBS,BW)
[#1] INFO:Plotting -- RooAbsPdf::plotOn(model) directly selected PDF components: (BG)
[#1] INFO:Plotting -- RooAbsPdf::plotOn(model) indirectly selected PDF components: ()
[#0] ERROR:Plotting -- RooAbsPdf::plotOn(model) ERROR: component selection expression 'VT' does not select any components of p.d.f.
[#0] ERROR:Plotting -- RooAbsPdf::plotOn(model) ERROR: component selection expression 'VT2' does not select any components of p.d.f.
[#1] INFO:Plotting -- RooAbsPdf::plotOn(model) directly selected PDF components: (CBS)
[#1] INFO:Plotting -- RooAbsPdf::plotOn(model) indirectly selected PDF components: (signal)
[#1] INFO:Plotting -- RooAbsPdf::plotOn(model) directly selected PDF components: (BW)
[#1] INFO:Plotting -- RooAbsPdf::plotOn(model) indirectly selected PDF components: (signal)
[#1] INFO:Plotting -- RooAbsPdf::plotOn(model_pass) directly selected PDF components: (signal)
[#1] INFO:Plotting -- RooAbsPdf::plotOn(model_pass) indirectly selected PDF components: (CBS,BW)
[#1] INFO:Plotting -- RooAbsPdf::plotOn(model_pass) directly selected PDF components: (BG)
[#1] INFO:Plotting -- RooAbsPdf::plotOn(model_pass) indirectly selected PDF components: ()
[#0] ERROR:Plotting -- RooAbsPdf::plotOn(model_pass) ERROR: component selection expression 'VT' does not select any components of p.d.f.
[#0] ERROR:Plotting -- RooAbsPdf::plotOn(model_pass) ERROR: component selection expression 'VT2' does not select any components of p.d.f.
[#1] INFO:Plotting -- RooAbsPdf::plotOn(model_pass) directly selected PDF components: (CBS)
[#1] INFO:Plotting -- RooAbsPdf::plotOn(model_pass) indirectly selected PDF components: (signal)
[#1] INFO:Plotting -- RooAbsPdf::plotOn(model_pass) directly selected PDF components: (BW)
[#1] INFO:Plotting -- RooAbsPdf::plotOn(model_pass) indirectly selected PDF components: (signal)
integralbackground = 0.00337591
###################################################################################################################################################
background = 4.05406e-05
###################################################################################################################################################
[#1] INFO:InputArguments -- The formula PPTM_cond claims to use the variables (ProbeMuon_Pt,ProbeMuon_Eta,ProbeMuon_Phi) but only (ProbeMuon_Pt) seem to be in use.
  inputs:         ProbeMuon_Pt>=25.000000 && ProbeMuon_Pt< 30.000000
[#1] INFO:DataHandling -- RooAbsCategory::attachToTree(PassingProbeTrackingMuon) TTree branch PassingProbeTrackingMuon will be interpreted as category index
[#1] INFO:DataHandling -- RooTreeDataStore::loadValues(DATA) Skipping event #1 because ProbeMuon_Pt cannot accommodate the value 8.94856
[#1] INFO:DataHandling -- RooTreeDataStore::loadValues(DATA) Skipping event #4 because InvariantMass cannot accommodate the value 60.6086
[#1] INFO:DataHandling -- RooTreeDataStore::loadValues(DATA) Skipping event #7 because InvariantMass cannot accommodate the value 68.1354
[#1] INFO:DataHandling -- RooTreeDataStore::loadValues(DATA) Skipping event #9 because InvariantMass cannot accommodate the value 64.0556
[#1] INFO:DataHandling -- RooTreeDataStore::loadValues(DATA) Skipping ...
[#0] WARNING:DataHandling -- RooTreeDataStore::loadValues(DATA) Ignored 71424 out-of-range events
[#1] INFO:InputArguments -- RooDataHist::importDHistSet(combData) defining state "ALL" in index category sample
[#1] INFO:Minization -- p.d.f. provides expected number of events, including extended term in likelihood.
[#1] INFO:Minization -- RooMinimizer::optimizeConst: activating const optimization
RooAbsTestStatistic::initSimMode: creating slave calculator #0 for state ALL (100 dataset entries)
RooAbsTestStatistic::initSimMode: creating slave calculator #1 for state PASSING (100 dataset entries)
[#1] INFO:Fitting -- RooAbsTestStatistic::initSimMode: created 2 slave calculators.
[#1] INFO:Minization --  The following expressions will be evaluated in cache-and-track mode: (CBS,BW,BG)
[#1] INFO:Minization --  The following expressions will be evaluated in cache-and-track mode: (CBS,BW,BG)
 **********
 **   19 **SET PRINT           1
 **********
 **********
 **   20 **SET NOGRAD
 **********
 PARAMETER DEFINITIONS:
    NO.   NAME         VALUE      STEP SIZE      LIMITS
     1 a            0.00000e+00  2.00000e-01   -1.00000e+00  1.00000e+00
     2 alpha        3.30000e+00  5.00000e-01    0.00000e+00  5.00000e+00
     3 mean         9.11976e+01  2.00000e+00    8.00000e+01  1.00000e+02
     4 n            5.10000e+00  1.00000e+00    0.00000e+00  1.00000e+01
     5 n_back       1.00000e+04  5.00000e+03    0.00000e+00  7.61550e+04
     6 n_back_pass   1.00000e+04  5.00000e+03    0.00000e+00  7.52140e+04
     7 n_signal_total   7.61550e+04  7.61550e+03    0.00000e+00  7.61550e+04
 MINUIT WARNING IN PARAM DEF
 ============== STARTING VALUE IS AT LIMIT.
 MINUIT WARNING IN PARAMETR
 ============== VARIABLE7 IS AT ITS UPPER ALLOWED LIMIT.
 MINUIT WARNING IN PARAMETR
 ============== VARIABLE7 BROUGHT BACK INSIDE LIMITS.
     8 n_signal_total_pass   7.52140e+04  7.52140e+03    0.00000e+00  7.52140e+04
 MINUIT WARNING IN PARAM DEF
 ============== STARTING VALUE IS AT LIMIT.
 MINUIT WARNING IN PARAMETR
 ============== VARIABLE8 IS AT ITS UPPER ALLOWED LIMIT.
 MINUIT WARNING IN PARAMETR
 ============== VARIABLE8 BROUGHT BACK INSIDE LIMITS.
     9 sigma        4.12000e+00  2.01000e+00    1.00000e-01  1.00000e+02
    10 sigma_cb     2.00000e+00  5.00000e-01    1.00000e+00  4.00000e+01
 **********
 **   21 **SET ERR         0.5
 **********
 **********
 **   22 **SET PRINT           1
 **********
 **********
 **   23 **SET STR           1
 **********
 NOW USING STRATEGY  1: TRY TO BALANCE SPEED AGAINST RELIABILITY
 **********
 **   24 **MIGRAD        5000           1
 **********
 FIRST CALL TO USER FUNCTION AT NEW START POINT, WITH IFLAG=4.
 MINUIT WARNING IN MIGrad    
 ============== VARIABLE7 IS AT ITS UPPER ALLOWED LIMIT.
 MINUIT WARNING IN MIGrad    
 ============== VARIABLE8 IS AT ITS UPPER ALLOWED LIMIT.
 START MIGRAD MINIMIZATION.  STRATEGY  1.  CONVERGENCE WHEN EDM .LT. 1.00e-03
 FCN=-993964 FROM MIGRAD    STATUS=INITIATE      162 CALLS         163 TOTAL
                     EDM= unknown      STRATEGY= 1      NO ERROR MATRIX       
  EXT PARAMETER               CURRENT GUESS       STEP         FIRST   
  NO.   NAME      VALUE            ERROR          SIZE      DERIVATIVE 
   1  a            0.00000e+00   2.00000e-01   0.00000e+00   6.52916e+04
   2  alpha        5.46980e-01   5.00000e-01   0.00000e+00   1.76796e+03
   3  mean         9.11976e+01   2.00000e+00   0.00000e+00   5.90545e+04
   4  n            2.57254e+00   1.00000e+00   0.00000e+00  -3.07487e+02
   5  n_back       1.00000e+04   5.00000e+03   0.00000e+00   4.54393e+03
   6  n_back_pass   1.00000e+04   5.00000e+03   0.00000e+00   5.24766e+03
   7  n_signal_total   6.63607e+04   7.61550e+03   0.00000e+00  -5.99968e+02
   8  n_signal_total_pass   6.72729e+04   7.52140e+03  -6.59923e-01   1.03147e+00
   9  sigma        4.12000e+00   2.01000e+00   0.00000e+00   2.34373e+04
  10  sigma_cb     2.00000e+00   5.00000e-01   0.00000e+00   1.38936e+04
                               ERR DEF= 0.5
 MIGRAD MINIMIZATION HAS CONVERGED.
 FCN=-998427 FROM MIGRAD    STATUS=CONVERGED     823 CALLS         824 TOTAL
                     EDM=5.47803e-05    STRATEGY= 1  ERROR MATRIX UNCERTAINTY   3.3 per cent
  EXT PARAMETER                                   STEP         FIRST   
  NO.   NAME      VALUE            ERROR          SIZE      DERIVATIVE 
   1  a           -1.17789e-01   1.16559e-02  -6.10876e-06  -3.09586e-01
   2  alpha        1.00283e+00   2.26007e-02   7.10442e-05   6.03920e-01
   3  mean         9.06927e+01   8.52870e-03  -4.95413e-06  -4.47695e+00
   4  n            9.47504e-01   6.60541e-02   1.91060e-04  -1.51941e-01
   5  n_back       2.55217e+03   4.07043e+02   1.90921e-04   6.27446e-01
   6  n_back_pass   2.26002e+03   3.70459e+02   1.33804e-04  -3.01087e-01
   7  n_signal_total   7.36078e+04   4.71935e+02   4.87038e-05   2.72510e-01
   8  n_signal_total_pass   7.29569e+04   4.41491e+02  -3.43025e-04  -1.53194e-01
   9  sigma        3.98913e+00   7.05586e-02   2.39384e-05   1.91613e+00
  10  sigma_cb     2.16264e+00   3.37709e-02  -2.05167e-05   1.87116e-02
                               ERR DEF= 0.5
 EXTERNAL ERROR MATRIX.    NDIM=  25    NPAR= 10    ERR DEF=0.5
  1.359e-04  8.920e-05 -1.037e-05  4.288e-04  3.839e+00  3.443e+00 -3.783e+00 -3.501e+00 -4.399e-04  1.528e-04 
  8.920e-05  5.108e-04  1.586e-05  1.249e-03  4.978e+00  4.373e+00 -4.620e+00 -4.219e+00 -9.988e-04  3.964e-04 
 -1.037e-05  1.586e-05  7.274e-05 -3.486e-05 -3.948e-01 -4.054e-01  4.601e-01  4.643e-01  5.646e-05 -7.513e-05 
  4.288e-04  1.249e-03 -3.486e-05  4.364e-03  2.273e+01  2.061e+01 -2.223e+01 -2.102e+01 -2.506e-03  1.037e-03 
  3.839e+00  4.978e+00 -3.948e-01  2.273e+01  1.657e+05  1.404e+05 -1.630e+05 -1.445e+05 -1.459e+01  5.514e+00 
  3.443e+00  4.373e+00 -4.054e-01  2.061e+01  1.404e+05  1.373e+05 -1.391e+05 -1.417e+05 -1.346e+01  5.134e+00 
 -3.783e+00 -4.620e+00  4.601e-01 -2.223e+01 -1.630e+05 -1.391e+05  2.228e+05  1.267e+05  1.393e+01 -5.190e+00 
 -3.501e+00 -4.219e+00  4.643e-01 -2.102e+01 -1.445e+05 -1.417e+05  1.267e+05  1.950e+05  1.258e+01 -4.796e+00 
 -4.399e-04 -9.988e-04  5.646e-05 -2.506e-03 -1.459e+01 -1.346e+01  1.393e+01  1.258e+01  4.979e-03 -2.027e-03 
  1.528e-04  3.964e-04 -7.513e-05  1.037e-03  5.514e+00  5.134e+00 -5.190e+00 -4.796e+00 -2.027e-03  1.140e-03 
 PARAMETER  CORRELATION COEFFICIENTS  
       NO.  GLOBAL      1      2      3      4      5      6      7      8      9     10
        1  0.89987   1.000  0.339 -0.104  0.557  0.809  0.797 -0.688 -0.680 -0.535  0.388
        2  0.95484   0.339  1.000  0.082  0.837  0.541  0.522 -0.433 -0.423 -0.626  0.519
        3  0.45354  -0.104  0.082  1.000 -0.062 -0.114 -0.128  0.114  0.123  0.094 -0.261
        4  0.98285   0.557  0.837 -0.062  1.000  0.845  0.842 -0.713 -0.721 -0.538  0.465
        5  0.96663   0.809  0.541 -0.114  0.845  1.000  0.931 -0.848 -0.804 -0.508  0.401
        6  0.97013   0.797  0.522 -0.128  0.842  0.931  1.000 -0.796 -0.866 -0.515  0.410
        7  0.86516  -0.688 -0.433  0.114 -0.713 -0.848 -0.796  1.000  0.608  0.418 -0.326
        8  0.88097  -0.680 -0.423  0.123 -0.721 -0.804 -0.866  0.608  1.000  0.404 -0.322
        9  0.91652  -0.535 -0.626  0.094 -0.538 -0.508 -0.515  0.418  0.404  1.000 -0.851
       10  0.87893   0.388  0.519 -0.261  0.465  0.401  0.410 -0.326 -0.322 -0.851  1.000
 **********
 **   25 **SET ERR         0.5
 **********
 **********
 **   26 **SET PRINT           1
 **********
 **********
 **   27 **HESSE        5000
 **********
 COVARIANCE MATRIX CALCULATED SUCCESSFULLY
 FCN=-998427 FROM HESSE     STATUS=OK            102 CALLS         926 TOTAL
                     EDM=0.00536032    STRATEGY= 1      ERROR MATRIX ACCURATE 
  EXT PARAMETER                                INTERNAL      INTERNAL  
  NO.   NAME      VALUE            ERROR       STEP SIZE       VALUE   
   1  a           -1.17789e-01   1.24860e-02   3.57390e-03  -1.18063e-01
   2  alpha        1.00283e+00   2.27136e-02   2.45478e-03  -2.49951e+00
   3  mean         9.06927e+01   8.60714e-03   5.36051e-04   6.93273e-02
   4  n            9.47504e-01   6.54382e-02   2.95156e-03  -9.45004e-01
   5  n_back       2.55217e+03   4.13664e+02   5.56919e-03  -1.20259e+00
   6  n_back_pass   2.26002e+03   3.88212e+02   5.80727e-03  -1.22235e+00
   7  n_signal_total   7.36078e+04   4.85857e+02   1.38612e-02   1.20295e+00
   8  n_signal_total_pass   7.29569e+04   4.64063e+02   1.47288e-02   1.22258e+00
   9  sigma        3.98913e+00   7.10039e-02   1.03292e-03  -1.17357e+00
  10  sigma_cb     2.16264e+00   3.38769e-02   1.68817e-03  -1.22374e+00
                               ERR DEF= 0.5
 EXTERNAL ERROR MATRIX.    NDIM=  25    NPAR= 10    ERR DEF=0.5
  1.559e-04  9.067e-05 -7.813e-06  4.638e-04  4.265e+00  3.910e+00 -4.183e+00 -3.826e+00 -4.685e-04  1.585e-04 
  9.067e-05  5.159e-04  1.821e-05  1.217e-03  4.611e+00  4.380e+00 -4.527e+00 -4.291e+00 -9.937e-04  4.022e-04 
 -7.813e-06  1.821e-05  7.408e-05 -1.636e-05 -2.720e-01 -2.534e-01  2.669e-01  2.481e-01  5.139e-05 -7.302e-05 
  4.638e-04  1.217e-03 -1.636e-05  4.283e-03  2.248e+01  2.129e+01 -2.207e+01 -2.086e+01 -2.407e-03  9.984e-04 
  4.265e+00  4.611e+00 -2.720e-01  2.248e+01  1.712e+05  1.472e+05 -1.655e+05 -1.442e+05 -1.429e+01  5.279e+00 
  3.910e+00  4.380e+00 -2.534e-01  2.129e+01  1.472e+05  1.508e+05 -1.445e+05 -1.454e+05 -1.319e+01  4.903e+00 
 -4.183e+00 -4.527e+00  2.669e-01 -2.207e+01 -1.655e+05 -1.445e+05  2.362e+05  1.415e+05  1.402e+01 -5.179e+00 
 -3.826e+00 -4.291e+00  2.481e-01 -2.086e+01 -1.442e+05 -1.454e+05  1.415e+05  2.154e+05  1.291e+01 -4.799e+00 
 -4.685e-04 -9.937e-04  5.139e-05 -2.407e-03 -1.429e+01 -1.319e+01  1.402e+01  1.291e+01  5.042e-03 -2.044e-03 
  1.585e-04  4.022e-04 -7.302e-05  9.984e-04  5.279e+00  4.903e+00 -5.179e+00 -4.799e+00 -2.044e-03  1.148e-03 
 PARAMETER  CORRELATION COEFFICIENTS  
       NO.  GLOBAL      1      2      3      4      5      6      7      8      9     10
