
Processing efficiency.cpp...

[1mRooFit v3.60 -- Developed by Wouter Verkerke and David Kirkby[0m 
                Copyright (C) 2000-2013 NIKHEF, University of California & Stanford University
                All rights reserved, please read http://roofit.sourceforge.net/license.txt

"results/bins_fit/trackerMuon/Pt/" directory OK
[#1] INFO:InputArguments -- The formula PPTM_cond claims to use the variables (ProbeMuon_Pt,ProbeMuon_Eta,ProbeMuon_Phi) but only (ProbeMuon_Pt) seem to be in use.
  inputs:         ProbeMuon_Pt>=15.000000 && ProbeMuon_Pt< 20.000000
[#1] INFO:DataHandling -- RooAbsCategory::attachToTree(PassingProbeTrackingMuon) TTree branch PassingProbeTrackingMuon will be interpreted as category index
[#1] INFO:DataHandling -- RooTreeDataStore::loadValues(DATA) Skipping event #1 because ProbeMuon_Pt cannot accommodate the value 8.94856
[#1] INFO:DataHandling -- RooTreeDataStore::loadValues(DATA) Skipping event #10 because ProbeMuon_Pt cannot accommodate the value 5.97093
[#1] INFO:DataHandling -- RooTreeDataStore::loadValues(DATA) Skipping event #11 because ProbeMuon_Eta cannot accommodate the value 2.42373
[#1] INFO:DataHandling -- RooTreeDataStore::loadValues(DATA) Skipping event #19 because ProbeMuon_Eta cannot accommodate the value -2.45118
[#1] INFO:DataHandling -- RooTreeDataStore::loadValues(DATA) Skipping ...
[#0] WARNING:DataHandling -- RooTreeDataStore::loadValues(DATA) Ignored 49821 out-of-range events
[#1] INFO:InputArguments -- RooDataHist::importDHistSet(combData) defining state "ALL" in index category sample
[#1] INFO:Minization -- p.d.f. provides expected number of events, including extended term in likelihood.
[#1] INFO:Minization -- RooMinimizer::optimizeConst: activating const optimization
RooAbsTestStatistic::initSimMode: creating slave calculator #0 for state ALL (100 dataset entries)
RooAbsTestStatistic::initSimMode: creating slave calculator #1 for state PASSING (100 dataset entries)
[#1] INFO:Fitting -- RooAbsTestStatistic::initSimMode: created 2 slave calculators.
[#1] INFO:Minization --  The following expressions will be evaluated in cache-and-track mode: (CBS,BW,BG)
[#1] INFO:Minization --  The following expressions will be evaluated in cache-and-track mode: (CBS,BW,BG)
 **********
 **    1 **SET PRINT           1
 **********
 **********
 **    2 **SET NOGRAD
 **********
 PARAMETER DEFINITIONS:
    NO.   NAME         VALUE      STEP SIZE      LIMITS
     1 a            0.00000e+00  4.00000e+00   -2.00000e+01  2.00000e+01
     2 alpha        3.30000e+00  5.00000e-01    0.00000e+00  5.00000e+00
     3 mean         9.11976e+01  2.00000e+00    8.00000e+01  1.00000e+02
     4 n            5.10000e+00  2.00000e+00    0.00000e+00  2.00000e+01
     5 n_back       1.05150e+04  2.19860e+03    0.00000e+00  2.19860e+04
     6 n_back_pass   1.05150e+04  2.10300e+03    0.00000e+00  2.10300e+04
     7 n_signal_total   1.05150e+04  2.19860e+03    0.00000e+00  2.19860e+04
     8 n_signal_total_pass   1.05150e+04  2.10300e+03    0.00000e+00  2.10300e+04
     9 sigma        4.12000e+00  2.01000e+00    1.00000e-01  1.00000e+02
    10 sigma_cb     2.00000e+00  5.00000e-01    1.00000e+00  4.00000e+01
 **********
 **    3 **SET ERR         0.5
 **********
 **********
 **    4 **SET PRINT           1
 **********
 **********
 **    5 **SET STR           1
 **********
 NOW USING STRATEGY  1: TRY TO BALANCE SPEED AGAINST RELIABILITY
 **********
 **    6 **MIGRAD        5000           1
 **********
 FIRST CALL TO USER FUNCTION AT NEW START POINT, WITH IFLAG=4.
 START MIGRAD MINIMIZATION.  STRATEGY  1.  CONVERGENCE WHEN EDM .LT. 1.00e-03
 FCN=-205409 FROM MIGRAD    STATUS=INITIATE       80 CALLS          81 TOTAL
                     EDM= unknown      STRATEGY= 1      NO ERROR MATRIX       
  EXT PARAMETER               CURRENT GUESS       STEP         FIRST   
  NO.   NAME      VALUE            ERROR          SIZE      DERIVATIVE 
   1  a            0.00000e+00   4.00000e+00   0.00000e+00   3.67895e+06
   2  alpha        8.22347e-01   5.00000e-01  -1.06137e+00  -3.48403e+02
   3  mean         9.11976e+01   2.00000e+00   0.00000e+00   1.73935e+04
   4  n            5.10000e+00   2.00000e+00   0.00000e+00  -1.44202e+02
   5  n_back       1.05150e+04   2.19860e+03   0.00000e+00   1.45307e+03
   6  n_back_pass   1.05150e+04   2.10300e+03   0.00000e+00   2.11050e+03
   7  n_signal_total   1.05150e+04   2.19860e+03   0.00000e+00  -2.45164e+03
   8  n_signal_total_pass   1.05150e+04   2.10300e+03   0.00000e+00  -2.11056e+03
   9  sigma        4.12000e+00   2.01000e+00   0.00000e+00   5.82840e+03
  10  sigma_cb     2.00000e+00   5.00000e-01   0.00000e+00   3.75957e+03
                               ERR DEF= 0.5
 MIGRAD MINIMIZATION HAS CONVERGED.
 FCN=-211953 FROM MIGRAD    STATUS=CONVERGED     579 CALLS         580 TOTAL
                     EDM=8.33785e-05    STRATEGY= 1  ERROR MATRIX UNCERTAINTY   2.3 per cent
  EXT PARAMETER                                   STEP         FIRST   
  NO.   NAME      VALUE            ERROR          SIZE      DERIVATIVE 
   1  a           -7.71022e-02   3.85486e-03  -4.50903e-06   4.74749e+01
   2  alpha        1.20746e+00   5.08030e-02  -1.56366e-04  -3.10000e-01
   3  mean         9.05757e+01   1.74758e-02  -1.94513e-05  -4.82187e+00
   4  n            7.88472e-01   1.12630e-01  -9.45323e-05  -6.67053e-02
   5  n_back       4.23854e+03   2.81220e+02  -4.85769e-04  -3.75694e-01
   6  n_back_pass   3.57355e+03   2.56924e+02  -1.37591e-04   9.16053e-02
   7  n_signal_total   1.77466e+04   3.00573e+02   4.80370e-04  -3.97604e-01
   8  n_signal_total_pass   1.74569e+04   2.81721e+02  -1.12325e-04   1.06524e-01
   9  sigma        4.16681e+00   1.84510e-01  -7.42441e-06   1.77338e+00
  10  sigma_cb     2.33512e+00   7.57584e-02   1.20104e-04   3.07206e-01
                               ERR DEF= 0.5
 EXTERNAL ERROR MATRIX.    NDIM=  25    NPAR= 10    ERR DEF=0.5
  1.486e-05 -1.025e-04 -5.891e-06  2.975e-04  9.143e-01  8.135e-01 -9.043e-01 -8.099e-01 -5.318e-04  1.767e-04 
 -1.025e-04  2.581e-03 -1.570e-05 -4.922e-03 -8.861e+00 -8.212e+00  8.813e+00  8.265e+00  6.780e-03 -2.592e-03 
 -5.891e-06 -1.570e-05  3.054e-04 -1.252e-04 -5.215e-01 -4.114e-01  4.099e-01  4.205e-01  2.752e-04 -2.206e-04 
  2.975e-04 -4.922e-03 -1.252e-04  1.269e-02  2.738e+01  2.526e+01 -2.714e+01 -2.533e+01 -1.410e-02  5.252e-03 
  9.143e-01 -8.861e+00 -5.215e-01  2.738e+01  7.911e+04  6.486e+04 -7.441e+04 -6.489e+04 -3.575e+01  1.238e+01 
  8.135e-01 -8.212e+00 -4.114e-01  2.526e+01  6.486e+04  6.603e+04 -6.403e+04 -6.254e+04 -3.223e+01  1.120e+01 
 -9.043e-01  8.813e+00  4.099e-01 -2.714e+01 -7.441e+04 -6.403e+04  9.038e+04  6.432e+04  3.577e+01 -1.238e+01 
 -8.099e-01  8.265e+00  4.205e-01 -2.533e+01 -6.489e+04 -6.254e+04  6.432e+04  7.940e+04  3.206e+01 -1.118e+01 
 -5.318e-04  6.780e-03  2.752e-04 -1.410e-02 -3.575e+01 -3.223e+01  3.577e+01  3.206e+01  3.405e-02 -1.236e-02 
  1.767e-04 -2.592e-03 -2.206e-04  5.252e-03  1.238e+01  1.120e+01 -1.238e+01 -1.118e+01 -1.236e-02  5.740e-03 
 PARAMETER  CORRELATION COEFFICIENTS  
       NO.  GLOBAL      1      2      3      4      5      6      7      8      9     10
        1  0.90893   1.000 -0.523 -0.087  0.685  0.843  0.821 -0.780 -0.746 -0.748  0.605
        2  0.95165  -0.523  1.000 -0.018 -0.860 -0.620 -0.629  0.577  0.577  0.723 -0.673
        3  0.29667  -0.087 -0.018  1.000 -0.064 -0.106 -0.092  0.078  0.085  0.085 -0.167
        4  0.98079   0.685 -0.860 -0.064  1.000  0.864  0.873 -0.801 -0.798 -0.678  0.615
        5  0.95480   0.843 -0.620 -0.106  0.864  1.000  0.897 -0.880 -0.819 -0.689  0.581
        6  0.95090   0.821 -0.629 -0.092  0.873  0.897  1.000 -0.829 -0.864 -0.680  0.575
        7  0.89184  -0.780  0.577  0.078 -0.801 -0.880 -0.829  1.000  0.759  0.645 -0.543
        8  0.87467  -0.746  0.577  0.085 -0.798 -0.819 -0.864  0.759  1.000  0.617 -0.524
        9  0.94072  -0.748  0.723  0.085 -0.678 -0.689 -0.680  0.645  0.617  1.000 -0.885
       10  0.89624   0.605 -0.673 -0.167  0.615  0.581  0.575 -0.543 -0.524 -0.885  1.000
 **********
 **    7 **SET ERR         0.5
 **********
 **********
 **    8 **SET PRINT           1
 **********
 **********
 **    9 **HESSE        5000
 **********
 COVARIANCE MATRIX CALCULATED SUCCESSFULLY
 FCN=-211953 FROM HESSE     STATUS=OK            102 CALLS         682 TOTAL
                     EDM=0.000180494    STRATEGY= 1      ERROR MATRIX ACCURATE 
  EXT PARAMETER                                INTERNAL      INTERNAL  
  NO.   NAME      VALUE            ERROR       STEP SIZE       VALUE   
   1  a           -7.71022e-02   3.63600e-03   2.58293e-05  -3.85512e-03
   2  alpha        1.20746e+00   4.62666e-02   2.35299e-03  -5.43360e-01
   3  mean         9.05757e+01   1.76314e-02   5.36038e-04   5.76005e-02
   4  n            7.88472e-01   1.00458e-01   1.82320e-03  -1.17103e+00
   5  n_back       4.23854e+03   2.59428e+02   3.15873e-03  -6.61667e-01
   6  n_back_pass   3.57355e+03   2.36606e+02   3.25124e-03  -7.21015e-01
   7  n_signal_total   1.77466e+04   2.83696e+02   5.15136e-03   6.61565e-01
   8  n_signal_total_pass   1.74569e+04   2.63736e+02   5.58562e-03   7.21067e-01
   9  sigma        4.16681e+00   1.71312e-01   1.01557e-03  -1.16448e+00
  10  sigma_cb     2.33512e+00   7.10700e-02   1.49738e-03  -1.19860e+00
                               ERR DEF= 0.5
 EXTERNAL ERROR MATRIX.    NDIM=  25    NPAR= 10    ERR DEF=0.5
  1.322e-05 -7.498e-05 -5.410e-06  2.304e-04  7.690e-01  6.837e-01 -7.667e-01 -6.814e-01 -4.399e-04  1.431e-04 
 -7.498e-05  2.141e-03 -2.143e-05 -3.860e-03 -6.643e+00 -6.092e+00  6.628e+00  6.075e+00  5.353e-03 -2.052e-03 
 -5.410e-06 -2.143e-05  3.109e-04 -1.151e-04 -4.202e-01 -3.822e-01  4.191e-01  3.811e-01  1.794e-04 -1.998e-04 
  2.304e-04 -3.860e-03 -1.151e-04  1.009e-02  2.182e+01  2.008e+01 -2.177e+01 -2.002e+01 -1.057e-02  3.960e-03 
  7.690e-01 -6.643e+00 -4.202e-01  2.182e+01  6.732e+04  5.376e+04 -6.292e+04 -5.360e+04 -2.814e+01  9.635e+00 
  6.837e-01 -6.092e+00 -3.822e-01  2.008e+01  5.376e+04  5.600e+04 -5.362e+04 -5.227e+04 -2.508e+01  8.630e+00 
 -7.667e-01  6.628e+00  4.191e-01 -2.177e+01 -6.292e+04 -5.362e+04  8.051e+04  5.346e+04  2.806e+01 -9.609e+00 
 -6.814e-01  6.075e+00  3.811e-01 -2.002e+01 -5.360e+04 -5.227e+04  5.346e+04  6.958e+04  2.499e+01 -8.603e+00 
 -4.399e-04  5.353e-03  1.794e-04 -1.057e-02 -2.814e+01 -2.508e+01  2.806e+01  2.499e+01  2.935e-02 -1.058e-02 
  1.431e-04 -2.052e-03 -1.998e-04  3.960e-03  9.635e+00  8.630e+00 -9.609e+00 -8.603e+00 -1.058e-02  5.051e-03 
 PARAMETER  CORRELATION COEFFICIENTS  
       NO.  GLOBAL      1      2      3      4      5      6      7      8      9     10
        1  0.89408   1.000 -0.446 -0.084  0.631  0.815  0.795 -0.743 -0.710 -0.706  0.554
        2  0.93958  -0.446  1.000 -0.026 -0.830 -0.553 -0.556  0.505  0.498  0.675 -0.624
        3  0.29715  -0.084 -0.026  1.000 -0.065 -0.092 -0.092  0.084  0.082  0.059 -0.159
        4  0.97503   0.631 -0.830 -0.065  1.000  0.837  0.844 -0.764 -0.755 -0.614  0.555
        5  0.94324   0.815 -0.553 -0.092  0.837  1.000  0.876 -0.855 -0.783 -0.633  0.522
        6  0.93994   0.795 -0.556 -0.092  0.844  0.876  1.000 -0.799 -0.837 -0.619  0.513
        7  0.86858  -0.743  0.505  0.084 -0.764 -0.855 -0.799  1.000  0.714  0.577 -0.476
        8  0.85059  -0.710  0.498  0.082 -0.755 -0.783 -0.837  0.714  1.000  0.553 -0.459
        9  0.92981  -0.706  0.675  0.059 -0.614 -0.633 -0.619  0.577  0.553  1.000 -0.869
       10  0.88259   0.554 -0.624 -0.159  0.555  0.522  0.513 -0.476 -0.459 -0.869  1.000
[#1] INFO:Minization -- RooMinimizer::optimizeConst: deactivating const optimization
[#1] INFO:Plotting -- RooAbsPdf::plotOn(model) directly selected PDF components: (signal)
[#1] INFO:Plotting -- RooAbsPdf::plotOn(model) indirectly selected PDF components: (CBS,BW)
[#1] INFO:Plotting -- RooAbsPdf::plotOn(model) directly selected PDF components: (BG)
[#1] INFO:Plotting -- RooAbsPdf::plotOn(model) indirectly selected PDF components: ()
[#0] ERROR:Plotting -- RooAbsPdf::plotOn(model) ERROR: component selection expression 'VT' does not select any components of p.d.f.
[#0] ERROR:Plotting -- RooAbsPdf::plotOn(model) ERROR: component selection expression 'VT2' does not select any components of p.d.f.
[#1] INFO:Plotting -- RooAbsPdf::plotOn(model) directly selected PDF components: (CBS)
[#1] INFO:Plotting -- RooAbsPdf::plotOn(model) indirectly selected PDF components: (signal)
[#1] INFO:Plotting -- RooAbsPdf::plotOn(model) directly selected PDF components: (BW)
[#1] INFO:Plotting -- RooAbsPdf::plotOn(model) indirectly selected PDF components: (signal)
[#1] INFO:Plotting -- RooAbsPdf::plotOn(model_pass) directly selected PDF components: (signal)
[#1] INFO:Plotting -- RooAbsPdf::plotOn(model_pass) indirectly selected PDF components: (CBS,BW)
[#1] INFO:Plotting -- RooAbsPdf::plotOn(model_pass) directly selected PDF components: (BG)
[#1] INFO:Plotting -- RooAbsPdf::plotOn(model_pass) indirectly selected PDF components: ()
[#0] ERROR:Plotting -- RooAbsPdf::plotOn(model_pass) ERROR: component selection expression 'VT' does not select any components of p.d.f.
[#0] ERROR:Plotting -- RooAbsPdf::plotOn(model_pass) ERROR: component selection expression 'VT2' does not select any components of p.d.f.
[#1] INFO:Plotting -- RooAbsPdf::plotOn(model_pass) directly selected PDF components: (CBS)
[#1] INFO:Plotting -- RooAbsPdf::plotOn(model_pass) indirectly selected PDF components: (signal)
[#1] INFO:Plotting -- RooAbsPdf::plotOn(model_pass) directly selected PDF components: (BW)
[#1] INFO:Plotting -- RooAbsPdf::plotOn(model_pass) indirectly selected PDF components: (signal)
[#1] INFO:InputArguments -- The formula PPTM_cond claims to use the variables (ProbeMuon_Pt,ProbeMuon_Eta,ProbeMuon_Phi) but only (ProbeMuon_Pt) seem to be in use.
  inputs:         ProbeMuon_Pt>=20.000000 && ProbeMuon_Pt< 25.000000
[#1] INFO:DataHandling -- RooAbsCategory::attachToTree(PassingProbeTrackingMuon) TTree branch PassingProbeTrackingMuon will be interpreted as category index
[#1] INFO:DataHandling -- RooTreeDataStore::loadValues(DATA) Skipping event #1 because ProbeMuon_Pt cannot accommodate the value 8.94856
[#1] INFO:DataHandling -- RooTreeDataStore::loadValues(DATA) Skipping event #10 because ProbeMuon_Pt cannot accommodate the value 5.97093
[#1] INFO:DataHandling -- RooTreeDataStore::loadValues(DATA) Skipping event #11 because ProbeMuon_Eta cannot accommodate the value 2.42373
[#1] INFO:DataHandling -- RooTreeDataStore::loadValues(DATA) Skipping event #19 because ProbeMuon_Eta cannot accommodate the value -2.45118
[#1] INFO:DataHandling -- RooTreeDataStore::loadValues(DATA) Skipping ...
[#0] WARNING:DataHandling -- RooTreeDataStore::loadValues(DATA) Ignored 49821 out-of-range events
[#1] INFO:InputArguments -- RooDataHist::importDHistSet(combData) defining state "ALL" in index category sample
[#1] INFO:Minization -- p.d.f. provides expected number of events, including extended term in likelihood.
[#1] INFO:Minization -- RooMinimizer::optimizeConst: activating const optimization
RooAbsTestStatistic::initSimMode: creating slave calculator #0 for state ALL (100 dataset entries)
RooAbsTestStatistic::initSimMode: creating slave calculator #1 for state PASSING (100 dataset entries)
[#1] INFO:Fitting -- RooAbsTestStatistic::initSimMode: created 2 slave calculators.
[#1] INFO:Minization --  The following expressions will be evaluated in cache-and-track mode: (CBS,BW,BG)
[#1] INFO:Minization --  The following expressions will be evaluated in cache-and-track mode: (CBS,BW,BG)
 **********
 **   10 **SET PRINT           1
 **********
 **********
 **   11 **SET NOGRAD
 **********
 PARAMETER DEFINITIONS:
    NO.   NAME         VALUE      STEP SIZE      LIMITS
     1 a            0.00000e+00  4.00000e+00   -2.00000e+01  2.00000e+01
     2 alpha        3.30000e+00  5.00000e-01    0.00000e+00  5.00000e+00
     3 mean         9.11976e+01  2.00000e+00    8.00000e+01  1.00000e+02
     4 n            5.10000e+00  2.00000e+00    0.00000e+00  2.00000e+01
     5 n_back       2.23025e+04  4.55940e+03    0.00000e+00  4.55940e+04
     6 n_back_pass   2.23025e+04  4.46050e+03    0.00000e+00  4.46050e+04
     7 n_signal_total   2.23025e+04  4.55940e+03    0.00000e+00  4.55940e+04
     8 n_signal_total_pass   2.23025e+04  4.46050e+03    0.00000e+00  4.46050e+04
     9 sigma        4.12000e+00  2.01000e+00    1.00000e-01  1.00000e+02
    10 sigma_cb     2.00000e+00  5.00000e-01    1.00000e+00  4.00000e+01
 **********
 **   12 **SET ERR         0.5
 **********
 **********
 **   13 **SET PRINT           1
 **********
 **********
 **   14 **SET STR           1
 **********
 NOW USING STRATEGY  1: TRY TO BALANCE SPEED AGAINST RELIABILITY
 **********
 **   15 **MIGRAD        5000           1
 **********
 FIRST CALL TO USER FUNCTION AT NEW START POINT, WITH IFLAG=4.
 START MIGRAD MINIMIZATION.  STRATEGY  1.  CONVERGENCE WHEN EDM .LT. 1.00e-03
 FCN=-505925 FROM MIGRAD    STATUS=INITIATE       84 CALLS          85 TOTAL
                     EDM= unknown      STRATEGY= 1      NO ERROR MATRIX       
  EXT PARAMETER               CURRENT GUESS       STEP         FIRST   
  NO.   NAME      VALUE            ERROR          SIZE      DERIVATIVE 
   1  a            0.00000e+00   4.00000e+00   0.00000e+00   6.12791e+06
   2  alpha        8.48450e-01   5.00000e-01  -1.04737e+00  -1.99339e+03
   3  mean         9.11976e+01   2.00000e+00   0.00000e+00   3.78148e+04
   4  n            5.10000e+00   2.00000e+00   0.00000e+00  -6.45093e+02
   5  n_back       2.23025e+04   4.55940e+03   0.00000e+00   5.33321e+03
   6  n_back_pass   2.23025e+04   4.46050e+03   0.00000e+00   5.92120e+03
   7  n_signal_total   2.23025e+04   4.55940e+03   0.00000e+00  -6.34403e+03
   8  n_signal_total_pass   2.23025e+04   4.46050e+03   0.00000e+00  -5.92133e+03
   9  sigma        4.12000e+00   2.01000e+00   0.00000e+00   1.63075e+04
  10  sigma_cb     2.00000e+00   5.00000e-01   0.00000e+00   1.08628e+04
                               ERR DEF= 0.5
 MIGRAD MINIMIZATION HAS CONVERGED.
 FCN=-520677 FROM MIGRAD    STATUS=CONVERGED     759 CALLS         760 TOTAL
                     EDM=1.44207e-05    STRATEGY= 1  ERROR MATRIX UNCERTAINTY   2.6 per cent
  EXT PARAMETER                                   STEP         FIRST   
  NO.   NAME      VALUE            ERROR          SIZE      DERIVATIVE 
   1  a           -8.74462e-02   5.25445e-03   2.76708e-06   3.22381e+00
   2  alpha        1.25804e+00   2.76411e-02  -2.16861e-04  -6.07976e-01
   3  mean         9.06200e+01   1.11056e-02  -1.12537e-05  -1.43282e+00
   4  n            4.21585e-01   3.23358e-02   1.04719e-04  -7.27075e-01
   5  n_back       2.92791e+03   3.05426e+02   8.10683e-05  -6.93372e-02
   6  n_back_pass   2.45899e+03   2.82208e+02   2.57840e-04   1.27799e-01
   7  n_signal_total   4.26671e+04   3.66179e+02  -1.56647e-05   2.95392e-02
   8  n_signal_total_pass   4.21468e+04   3.45304e+02  -4.59218e-04  -7.18727e-02
   9  sigma        3.87049e+00   6.49050e-02  -3.96645e-05   9.21996e-01
  10  sigma_cb     2.32491e+00   3.73708e-02   1.10545e-04   5.52030e-01
                               ERR DEF= 0.5
 EXTERNAL ERROR MATRIX.    NDIM=  25    NPAR= 10    ERR DEF=0.5
  2.761e-05 -3.690e-05 -2.867e-06  8.412e-05  1.197e+00  1.058e+00 -1.216e+00 -1.047e+00 -1.457e-04  5.288e-05 
 -3.690e-05  7.641e-04 -1.388e-05 -7.177e-04 -3.774e+00 -3.533e+00  3.779e+00  3.577e+00  1.059e-03 -5.556e-04 
 -2.867e-06 -1.388e-05  1.233e-04 -5.350e-06 -1.862e-01 -1.670e-01  1.785e-01  1.868e-01  1.160e-05 -7.033e-05 
  8.412e-05 -7.177e-04 -5.350e-06  1.046e-03  7.977e+00  7.445e+00 -8.060e+00 -7.482e+00 -8.875e-04  4.163e-04 
  1.197e+00 -3.774e+00 -1.862e-01  7.977e+00  9.331e+04  7.492e+04 -9.155e+04 -7.493e+04 -7.568e+00  3.058e+00 
  1.058e+00 -3.533e+00 -1.670e-01  7.445e+00  7.492e+04  7.966e+04 -7.583e+04 -7.747e+04 -6.752e+00  2.767e+00 
 -1.216e+00  3.779e+00  1.785e-01 -8.060e+00 -9.155e+04 -7.583e+04  1.341e+05  7.596e+04  7.518e+00 -2.984e+00 
 -1.047e+00  3.577e+00  1.868e-01 -7.482e+00 -7.493e+04 -7.747e+04  7.596e+04  1.193e+05  6.785e+00 -2.809e+00 
 -1.457e-04  1.059e-03  1.160e-05 -8.875e-04 -7.568e+00 -6.752e+00  7.518e+00  6.785e+00  4.213e-03 -1.857e-03 
  5.288e-05 -5.556e-04 -7.033e-05  4.163e-04  3.058e+00  2.767e+00 -2.984e+00 -2.809e+00 -1.857e-03  1.397e-03 
 PARAMETER  CORRELATION COEFFICIENTS  
       NO.  GLOBAL      1      2      3      4      5      6      7      8      9     10
        1  0.83299   1.000 -0.254 -0.049  0.495  0.746  0.714 -0.632 -0.577 -0.427  0.269
        2  0.94666  -0.254  1.000 -0.045 -0.803 -0.447 -0.453  0.373  0.375  0.590 -0.538
        3  0.30093  -0.049 -0.045  1.000 -0.015 -0.055 -0.053  0.044  0.049  0.016 -0.169
        4  0.97659   0.495 -0.803 -0.015  1.000  0.808  0.816 -0.681 -0.670 -0.423  0.344
        5  0.94442   0.746 -0.447 -0.055  0.808  1.000  0.869 -0.818 -0.710 -0.382  0.268
        6  0.93965   0.714 -0.453 -0.053  0.816  0.869  1.000 -0.734 -0.795 -0.369  0.262
        7  0.82140  -0.632  0.373  0.044 -0.681 -0.818 -0.734  1.000  0.600  0.316 -0.218
        8  0.79676  -0.577  0.375  0.049 -0.670 -0.710 -0.795  0.600  1.000  0.303 -0.218
        9  0.83875  -0.427  0.590  0.016 -0.423 -0.382 -0.369  0.316  0.303  1.000 -0.766
       10  0.80116   0.269 -0.538 -0.169  0.344  0.268  0.262 -0.218 -0.218 -0.766  1.000
 **********
 **   16 **SET ERR         0.5
 **********
 **********
 **   17 **SET PRINT           1
 **********
 **********
 **   18 **HESSE        5000
 **********
 COVARIANCE MATRIX CALCULATED SUCCESSFULLY
 FCN=-520677 FROM HESSE     STATUS=OK            104 CALLS         864 TOTAL
                     EDM=0.000605692    STRATEGY= 1      ERROR MATRIX ACCURATE 
  EXT PARAMETER                                INTERNAL      INTERNAL  
  NO.   NAME      VALUE            ERROR       STEP SIZE       VALUE   
   1  a           -8.74462e-02   5.30866e-03   7.33569e-05  -4.37233e-03
   2  alpha        1.25804e+00   2.74071e-02   2.05998e-03  -5.19889e-01
   3  mean         9.06200e+01   1.12101e-02   5.35083e-04   6.20374e-02
   4  n            4.21585e-01   3.17677e-02   1.21388e-03  -1.27939e+00
   5  n_back       2.92791e+03   2.99699e+02   4.51011e-03  -1.05839e+00
   6  n_back_pass   2.45899e+03   2.76082e+02   4.76359e-03  -1.09678e+00
   7  n_signal_total   4.26671e+04   3.57601e+02   9.44427e-03   1.05848e+00
   8  n_signal_total_pass   4.21468e+04   3.38036e+02   1.02866e-02   1.09686e+00
   9  sigma        3.87049e+00   6.36814e-02   9.24841e-04  -1.17976e+00
  10  sigma_cb     2.32491e+00   3.68410e-02   1.59087e-03  -1.20005e+00
                               ERR DEF= 0.5
 EXTERNAL ERROR MATRIX.    NDIM=  25    NPAR= 10    ERR DEF=0.5
  2.818e-05 -3.280e-05 -2.043e-06  8.016e-05  1.180e+00  1.036e+00 -1.168e+00 -1.023e+00 -1.383e-04  4.656e-05 
 -3.280e-05  7.512e-04 -1.631e-05 -6.952e-04 -3.496e+00 -3.286e+00  3.463e+00  3.250e+00  1.003e-03 -5.209e-04 
 -2.043e-06 -1.631e-05  1.257e-04 -5.191e-07 -1.323e-01 -1.206e-01  1.310e-01  1.192e-01  7.313e-06 -6.850e-05 
  8.016e-05 -6.952e-04 -5.191e-07  1.009e-03  7.580e+00  7.075e+00 -7.508e+00 -6.996e+00 -8.087e-04  3.714e-04 
  1.180e+00 -3.496e+00 -1.323e-01  7.580e+00  8.984e+04  7.139e+04 -8.606e+04 -7.058e+04 -6.797e+00  2.647e+00 
  1.036e+00 -3.286e+00 -1.206e-01  7.075e+00  7.139e+04  7.624e+04 -7.069e+04 -7.295e+04 -6.036e+00  2.383e+00 
 -1.168e+00  3.463e+00  1.310e-01 -7.508e+00 -8.606e+04 -7.069e+04  1.279e+05  6.988e+04  6.727e+00 -2.620e+00 
 -1.023e+00  3.250e+00  1.192e-01 -6.996e+00 -7.058e+04 -7.295e+04  6.988e+04  1.143e+05  5.964e+00 -2.356e+00 
 -1.383e-04  1.003e-03  7.313e-06 -8.087e-04 -6.797e+00 -6.036e+00  6.727e+00  5.964e+00  4.055e-03 -1.768e-03 
  4.656e-05 -5.209e-04 -6.850e-05  3.714e-04  2.647e+00  2.383e+00 -2.620e+00 -2.356e+00 -1.768e-03  1.357e-03 
 PARAMETER  CORRELATION COEFFICIENTS  
       NO.  GLOBAL      1      2      3      4      5      6      7      8      9     10
        1  0.83249   1.000 -0.225 -0.034  0.475  0.742  0.707 -0.615 -0.570 -0.409  0.238
        2  0.94488  -0.225  1.000 -0.053 -0.798 -0.426 -0.434  0.353  0.351  0.575 -0.516
        3  0.29281  -0.034 -0.053  1.000 -0.001 -0.039 -0.039  0.033  0.031  0.010 -0.166
        4  0.97541   0.475 -0.798 -0.001  1.000  0.796  0.807 -0.661 -0.651 -0.400  0.317
        5  0.94131   0.742 -0.426 -0.039  0.796  1.000  0.863 -0.803 -0.696 -0.356  0.240
        6  0.93585   0.707 -0.434 -0.039  0.807  0.863  1.000 -0.716 -0.781 -0.343  0.234
        7  0.80575  -0.615  0.353  0.033 -0.661 -0.803 -0.716  1.000  0.578  0.295 -0.199
        8  0.78398  -0.570  0.351  0.031 -0.651 -0.696 -0.781  0.578  1.000  0.277 -0.189
        9  0.83194  -0.409  0.575  0.010 -0.400 -0.356 -0.343  0.295  0.277  1.000 -0.754
       10  0.79055   0.238 -0.516 -0.166  0.317  0.240  0.234 -0.199 -0.189 -0.754  1.000
[#1] INFO:Minization -- RooMinimizer::optimizeConst: deactivating const optimization
[#1] INFO:Plotting -- RooAbsPdf::plotOn(model) directly selected PDF components: (signal)
[#1] INFO:Plotting -- RooAbsPdf::plotOn(model) indirectly selected PDF components: (CBS,BW)
[#1] INFO:Plotting -- RooAbsPdf::plotOn(model) directly selected PDF components: (BG)
[#1] INFO:Plotting -- RooAbsPdf::plotOn(model) indirectly selected PDF components: ()
[#0] ERROR:Plotting -- RooAbsPdf::plotOn(model) ERROR: component selection expression 'VT' does not select any components of p.d.f.
[#0] ERROR:Plotting -- RooAbsPdf::plotOn(model) ERROR: component selection expression 'VT2' does not select any components of p.d.f.
[#1] INFO:Plotting -- RooAbsPdf::plotOn(model) directly selected PDF components: (CBS)
[#1] INFO:Plotting -- RooAbsPdf::plotOn(model) indirectly selected PDF components: (signal)
[#1] INFO:Plotting -- RooAbsPdf::plotOn(model) directly selected PDF components: (BW)
[#1] INFO:Plotting -- RooAbsPdf::plotOn(model) indirectly selected PDF components: (signal)
[#1] INFO:Plotting -- RooAbsPdf::plotOn(model_pass) directly selected PDF components: (signal)
[#1] INFO:Plotting -- RooAbsPdf::plotOn(model_pass) indirectly selected PDF components: (CBS,BW)
[#1] INFO:Plotting -- RooAbsPdf::plotOn(model_pass) directly selected PDF components: (BG)
[#1] INFO:Plotting -- RooAbsPdf::plotOn(model_pass) indirectly selected PDF components: ()
[#0] ERROR:Plotting -- RooAbsPdf::plotOn(model_pass) ERROR: component selection expression 'VT' does not select any components of p.d.f.
[#0] ERROR:Plotting -- RooAbsPdf::plotOn(model_pass) ERROR: component selection expression 'VT2' does not select any components of p.d.f.
[#1] INFO:Plotting -- RooAbsPdf::plotOn(model_pass) directly selected PDF components: (CBS)
[#1] INFO:Plotting -- RooAbsPdf::plotOn(model_pass) indirectly selected PDF components: (signal)
[#1] INFO:Plotting -- RooAbsPdf::plotOn(model_pass) directly selected PDF components: (BW)
[#1] INFO:Plotting -- RooAbsPdf::plotOn(model_pass) indirectly selected PDF components: (signal)
[#1] INFO:InputArguments -- The formula PPTM_cond claims to use the variables (ProbeMuon_Pt,ProbeMuon_Eta,ProbeMuon_Phi) but only (ProbeMuon_Pt) seem to be in use.
  inputs:         ProbeMuon_Pt>=25.000000 && ProbeMuon_Pt< 30.000000
[#1] INFO:DataHandling -- RooAbsCategory::attachToTree(PassingProbeTrackingMuon) TTree branch PassingProbeTrackingMuon will be interpreted as category index
[#1] INFO:DataHandling -- RooTreeDataStore::loadValues(DATA) Skipping event #1 because ProbeMuon_Pt cannot accommodate the value 8.94856
[#1] INFO:DataHandling -- RooTreeDataStore::loadValues(DATA) Skipping event #10 because ProbeMuon_Pt cannot accommodate the value 5.97093
[#1] INFO:DataHandling -- RooTreeDataStore::loadValues(DATA) Skipping event #11 because ProbeMuon_Eta cannot accommodate the value 2.42373
[#1] INFO:DataHandling -- RooTreeDataStore::loadValues(DATA) Skipping event #19 because ProbeMuon_Eta cannot accommodate the value -2.45118
[#1] INFO:DataHandling -- RooTreeDataStore::loadValues(DATA) Skipping ...
[#0] WARNING:DataHandling -- RooTreeDataStore::loadValues(DATA) Ignored 49821 out-of-range events
[#1] INFO:InputArguments -- RooDataHist::importDHistSet(combData) defining state "ALL" in index category sample
[#1] INFO:Minization -- p.d.f. provides expected number of events, including extended term in likelihood.
[#1] INFO:Minization -- RooMinimizer::optimizeConst: activating const optimization
RooAbsTestStatistic::initSimMode: creating slave calculator #0 for state ALL (100 dataset entries)
RooAbsTestStatistic::initSimMode: creating slave calculator #1 for state PASSING (100 dataset entries)
[#1] INFO:Fitting -- RooAbsTestStatistic::initSimMode: created 2 slave calculators.
[#1] INFO:Minization --  The following expressions will be evaluated in cache-and-track mode: (CBS,BW,BG)
[#1] INFO:Minization --  The following expressions will be evaluated in cache-and-track mode: (CBS,BW,BG)
 **********
 **   19 **SET PRINT           1
 **********
 **********
 **   20 **SET NOGRAD
 **********
 PARAMETER DEFINITIONS:
    NO.   NAME         VALUE      STEP SIZE      LIMITS
     1 a            0.00000e+00  4.00000e+00   -2.00000e+01  2.00000e+01
     2 alpha        3.30000e+00  5.00000e-01    0.00000e+00  5.00000e+00
     3 mean         9.11976e+01  2.00000e+00    8.00000e+01  1.00000e+02
     4 n            5.10000e+00  2.00000e+00    0.00000e+00  2.00000e+01
     5 n_back       4.03340e+04  8.18540e+03    0.00000e+00  8.18540e+04
     6 n_back_pass   4.03340e+04  8.06680e+03    0.00000e+00  8.06680e+04
     7 n_signal_total   4.03340e+04  8.18540e+03    0.00000e+00  8.18540e+04
     8 n_signal_total_pass   4.03340e+04  8.06680e+03    0.00000e+00  8.06680e+04
     9 sigma        4.12000e+00  2.01000e+00    1.00000e-01  1.00000e+02
    10 sigma_cb     2.00000e+00  5.00000e-01    1.00000e+00  4.00000e+01
 **********
 **   21 **SET ERR         0.5
 **********
 **********
 **   22 **SET PRINT           1
 **********
 **********
 **   23 **SET STR           1
 **********
 NOW USING STRATEGY  1: TRY TO BALANCE SPEED AGAINST RELIABILITY
 **********
 **   24 **MIGRAD        5000           1
 **********
 FIRST CALL TO USER FUNCTION AT NEW START POINT, WITH IFLAG=4.
 START MIGRAD MINIMIZATION.  STRATEGY  1.  CONVERGENCE WHEN EDM .LT. 1.00e-03
 FCN=-1.01839e+06 FROM MIGRAD    STATUS=INITIATE       81 CALLS          82 TOTAL
                     EDM= unknown      STRATEGY= 1      NO ERROR MATRIX       
  EXT PARAMETER               CURRENT GUESS       STEP         FIRST   
  NO.   NAME      VALUE            ERROR          SIZE      DERIVATIVE 
   1  a            0.00000e+00   4.00000e+00   0.00000e+00   8.75408e+06
   2  alpha        1.10791e+00   5.00000e-01  -2.87675e+00   2.51449e+02
   3  mean         9.11976e+01   2.00000e+00   0.00000e+00   8.04841e+04
   4  n            5.10000e+00   2.00000e+00   0.00000e+00  -6.71109e+02
   5  n_back       4.03340e+04   8.18540e+03   0.00000e+00   1.16111e+04
   6  n_back_pass   4.03340e+04   8.06680e+03   0.00000e+00   1.21921e+04
   7  n_signal_total   4.03340e+04   8.18540e+03   0.00000e+00  -1.28147e+04
   8  n_signal_total_pass   4.03340e+04   8.06680e+03   0.00000e+00  -1.21924e+04
   9  sigma        4.12000e+00   2.01000e+00   0.00000e+00   2.80678e+04
  10  sigma_cb     2.00000e+00   5.00000e-01   0.00000e+00   1.53608e+04
                               ERR DEF= 0.5
 MIGRAD FAILS TO FIND IMPROVEMENT
 MACHINE ACCURACY LIMITS FURTHER IMPROVEMENT.
 MIGRAD MINIMIZATION HAS CONVERGED.
 MIGRAD WILL VERIFY CONVERGENCE AND ERROR MATRIX.
 COVARIANCE MATRIX CALCULATED SUCCESSFULLY
 FCN=-1.04733e+06 FROM HESSE     STATUS=OK            100 CALLS         964 TOTAL
                     EDM=0.00225302    STRATEGY= 1      ERROR MATRIX ACCURATE 
  EXT PARAMETER                                   STEP         FIRST   
  NO.   NAME      VALUE            ERROR          SIZE      DERIVATIVE 
   1  a           -1.02683e-01   1.07297e-02   2.29749e-04   9.75940e+01
   2  alpha        1.04508e+00   1.92714e-02   2.24252e-03  -4.68339e+00
   3  mean         9.06770e+01   8.40630e-03   5.48066e-04  -1.72114e+00
   4  n            6.23474e-01   2.54419e-02   1.24384e-03   1.12859e+01
   5  n_back       1.43900e+03   2.66117e+02   6.82408e-03  -2.42921e+00
   6  n_back_pass   1.16460e+03   2.42504e+02   7.42013e-03  -8.66806e-01
   7  n_signal_total   8.04210e+04   3.81645e+02   1.87664e-02   8.37337e-01
   8  n_signal_total_pass   7.95131e+04   3.65108e+02   2.09035e-02   1.17522e+00
   9  sigma        3.79781e+00   4.47439e-02   9.37076e-04   5.94239e+00
  10  sigma_cb     2.26892e+00   3.03512e-02   1.84842e-03   2.17233e+00
                               ERR DEF= 0.5
 EIGENVALUES OF SECOND-DERIVATIVE MATRIX:
        -4.6981e-02  5.9526e-02  2.0338e-01  4.9044e-01  6.4131e-01  1.0020e+00  1.4192e+00  1.5601e+00  1.8700e+00  2.8011e+00
 MINUIT WARNING IN MIGRAD  
 ============== MATRIX FORCED POS-DEF BY ADDING 0.049783 TO DIAGONAL.
 MIGRAD FAILS TO FIND IMPROVEMENT
 MACHINE ACCURACY LIMITS FURTHER IMPROVEMENT.
 MIGRAD MINIMIZATION HAS CONVERGED.
 MIGRAD WILL VERIFY CONVERGENCE AND ERROR MATRIX.
 COVARIANCE MATRIX CALCULATED SUCCESSFULLY
 FCN=-1.04733e+06 FROM MIGRAD    STATUS=CONVERGED    1125 CALLS        1126 TOTAL
                     EDM=3.08317e-06    STRATEGY= 1      ERROR MATRIX ACCURATE 
  EXT PARAMETER                                   STEP         FIRST   
  NO.   NAME      VALUE            ERROR          SIZE      DERIVATIVE 
   1  a           -1.02556e-01   1.07137e-02   2.30593e-04   1.32608e+00
   2  alpha        1.04464e+00   1.92481e-02   2.24309e-03   3.10554e-02
   3  mean         9.06771e+01   8.40436e-03   5.48033e-04  -2.31075e-01
   4  n            6.24300e-01   2.54486e-02   1.24435e-03   6.94974e-02
   5  n_back       1.44946e+03   2.66781e+02   6.80712e-03   3.18110e-02
   6  n_back_pass   1.17333e+03   2.43043e+02   7.40648e-03   1.32904e-02
   7  n_signal_total   8.04048e+04   3.81485e+02   1.87087e-02   3.88232e-02
   8  n_signal_total_pass   7.94949e+04   3.64425e+02   2.07660e-02   3.03709e-02
   9  sigma        3.79705e+00   4.47436e-02   9.36882e-04  -2.64900e-02
  10  sigma_cb     2.26924e+00   3.03434e-02   1.84808e-03   9.75692e-02
                               ERR DEF= 0.5
 EXTERNAL ERROR MATRIX.    NDIM=  25    NPAR= 10    ERR DEF=0.5
  1.148e-04  3.315e-05 -1.623e-06  1.146e-04  2.048e+00  1.728e+00 -1.977e+00 -1.657e+00 -8.908e-05  3.701e-05 
  3.315e-05  3.705e-04  1.770e-05  3.988e-04  1.971e+00  1.857e+00 -1.907e+00 -1.784e+00 -4.747e-04  2.651e-04 
 -1.623e-06  1.770e-05  7.063e-05  1.022e-05 -2.541e-02 -2.069e-02  2.452e-02  1.983e-02  1.567e-05 -6.094e-05 
  1.146e-04  3.988e-04  1.022e-05  6.476e-04  5.112e+00  4.734e+00 -4.944e+00 -4.547e+00 -3.739e-04  2.138e-04 
  2.048e+00  1.971e+00 -2.541e-02  5.112e+00  7.119e+04  5.304e+04 -6.743e+04 -5.092e+04 -2.116e+00  1.134e+00 
  1.728e+00  1.857e+00 -2.069e-02  4.734e+00  5.304e+04  5.908e+04 -5.127e+04 -5.563e+04 -1.856e+00  1.022e+00 
 -1.977e+00 -1.907e+00  2.452e-02 -4.944e+00 -6.743e+04 -5.127e+04  1.456e+05  4.922e+04  2.045e+00 -1.097e+00 
 -1.657e+00 -1.784e+00  1.983e-02 -4.547e+00 -5.092e+04 -5.563e+04  4.922e+04  1.329e+05  1.781e+00 -9.813e-01 
 -8.908e-05 -4.747e-04  1.567e-05 -3.739e-04 -2.116e+00 -1.856e+00  2.045e+00  1.781e+00  2.002e-03 -1.047e-03 
  3.701e-05  2.651e-04 -6.094e-05  2.138e-04  1.134e+00  1.022e+00 -1.097e+00 -9.813e-01 -1.047e-03  9.207e-04 
 PARAMETER  CORRELATION COEFFICIENTS  
       NO.  GLOBAL      1      2      3      4      5      6      7      8      9     10
        1  0.79326   1.000  0.161 -0.018  0.420  0.716  0.663 -0.484 -0.424 -0.186  0.114
        2  0.94215   0.161  1.000  0.109  0.814  0.384  0.397 -0.260 -0.254 -0.551  0.454
        3  0.39048  -0.018  0.109  1.000  0.048 -0.011 -0.010  0.008  0.006  0.042 -0.239
        4  0.97061   0.420  0.814  0.048  1.000  0.753  0.765 -0.509 -0.490 -0.328  0.277
        5  0.92092   0.716  0.384 -0.011  0.753  1.000  0.818 -0.662 -0.524 -0.177  0.140
        6  0.90916   0.663  0.397 -0.010  0.765  0.818  1.000 -0.553 -0.628 -0.171  0.139
        7  0.66303  -0.484 -0.260  0.008 -0.509 -0.662 -0.553  1.000  0.354  0.120 -0.095
        8  0.62835  -0.424 -0.254  0.006 -0.490 -0.524 -0.628  0.354  1.000  0.109 -0.089
        9  0.82931  -0.186 -0.551  0.042 -0.328 -0.177 -0.171  0.120  0.109  1.000 -0.771
       10  0.80268   0.114  0.454 -0.239  0.277  0.140  0.139 -0.095 -0.089 -0.771  1.000
 **********
 **   25 **SET ERR         0.5
 **********
 **********
 **   26 **SET PRINT           1
 **********
 **********
 **   27 **HESSE        5000
 **********
 COVARIANCE MATRIX CALCULATED SUCCESSFULLY
 FCN=-1.04733e+06 FROM HESSE     STATUS=OK             90 CALLS        1216 TOTAL
                     EDM=2.92186e-06    STRATEGY= 1      ERROR MATRIX ACCURATE 
  EXT PARAMETER                                INTERNAL      INTERNAL  
  NO.   NAME      VALUE            ERROR       STEP SIZE       VALUE   
   1  a           -1.02556e-01   1.04084e-02   9.22374e-06  -5.12782e-03
   2  alpha        1.04464e+00   1.92404e-02   8.97236e-05  -2.52023e+00
   3  mean         9.06771e+01   8.41551e-03   2.19213e-05   6.77583e-02
   4  n            6.24300e-01   2.49948e-02   4.97740e-05  -1.21558e+00
   5  n_back       1.44946e+03   2.59353e+02   2.72285e-04  -1.30386e+00
   6  n_back_pass   1.17333e+03   2.36527e+02   2.96259e-04  -1.32900e+00
   7  n_signal_total   8.04048e+04   3.82137e+02   7.48347e-04   1.30389e+00
   8  n_signal_total_pass   7.94949e+04   3.66161e+02   8.30640e-04   1.32903e+00
   9  sigma        3.79705e+00   4.46454e-02   1.87376e-04  -1.18364e+00
  10  sigma_cb     2.26924e+00   3.02718e-02   7.39232e-05  -1.20801e+00
                               ERR DEF= 0.5
 EXTERNAL ERROR MATRIX.    NDIM=  25    NPAR= 10    ERR DEF=0.5
  1.083e-04  2.760e-05 -1.277e-06  1.039e-04  1.895e+00  1.593e+00 -1.893e+00 -1.591e+00 -7.489e-05  2.981e-05 
  2.760e-05  3.702e-04  1.963e-05  3.903e-04  1.813e+00  1.713e+00 -1.811e+00 -1.711e+00 -4.708e-04  2.597e-04 
 -1.277e-06  1.963e-05  7.082e-05  1.249e-05 -1.220e-02 -8.586e-03  1.218e-02  8.572e-03  1.312e-05 -5.990e-05 
  1.039e-04  3.903e-04  1.249e-05  6.247e-04  4.799e+00  4.449e+00 -4.793e+00 -4.443e+00 -3.543e-04  1.987e-04 
  1.895e+00  1.813e+00 -1.220e-02  4.799e+00  6.728e+04  4.946e+04 -6.575e+04 -4.939e+04 -1.775e+00  9.324e-01 
  1.593e+00  1.713e+00 -8.586e-03  4.449e+00  4.946e+04  5.596e+04 -4.940e+04 -5.471e+04 -1.554e+00  8.407e-01 
 -1.893e+00 -1.811e+00  1.218e-02 -4.793e+00 -6.575e+04 -4.940e+04  1.461e+05  4.933e+04  1.773e+00 -9.313e-01 
 -1.591e+00 -1.711e+00  8.572e-03 -4.443e+00 -4.939e+04 -5.471e+04  4.933e+04  1.341e+05  1.552e+00 -8.395e-01 
 -7.489e-05 -4.708e-04  1.312e-05 -3.543e-04 -1.775e+00 -1.554e+00  1.773e+00  1.552e+00  1.993e-03 -1.041e-03 
  2.981e-05  2.597e-04 -5.990e-05  1.987e-04  9.324e-01  8.407e-01 -9.313e-01 -8.395e-01 -1.041e-03  9.164e-04 
 PARAMETER  CORRELATION COEFFICIENTS  
       NO.  GLOBAL      1      2      3      4      5      6      7      8      9     10
        1  0.77892   1.000  0.138 -0.015  0.399  0.702  0.647 -0.476 -0.417 -0.161  0.095
        2  0.94210   0.138  1.000  0.121  0.812  0.363  0.376 -0.246 -0.243 -0.548  0.446
        3  0.39334  -0.015  0.121  1.000  0.059 -0.006 -0.004  0.004  0.003  0.035 -0.235
        4  0.96952   0.399  0.812  0.059  1.000  0.740  0.752 -0.502 -0.485 -0.318  0.263
        5  0.91612   0.702  0.363 -0.006  0.740  1.000  0.806 -0.663 -0.520 -0.153  0.119
        6  0.90382   0.647  0.376 -0.004  0.752  0.806  1.000 -0.546 -0.631 -0.147  0.117
        7  0.66395  -0.476 -0.246  0.004 -0.502 -0.663 -0.546  1.000  0.352  0.104 -0.080
        8  0.63202  -0.417 -0.243  0.003 -0.485 -0.520 -0.631  0.352  1.000  0.095 -0.076
        9  0.82848  -0.161 -0.548  0.035 -0.318 -0.153 -0.147  0.104  0.095  1.000 -0.770
       10  0.80163   0.095  0.446 -0.235  0.263  0.119  0.117 -0.080 -0.076 -0.770  1.000
