
Processing efficiency.cpp...

[1mRooFit v3.60 -- Developed by Wouter Verkerke and David Kirkby[0m 
                Copyright (C) 2000-2013 NIKHEF, University of California & Stanford University
                All rights reserved, please read http://roofit.sourceforge.net/license.txt

"results/bins_fit/globalMuon/Pt/" directory OK
[#1] INFO:InputArguments -- The formula PPTM_cond claims to use the variables (ProbeMuon_Pt,ProbeMuon_Eta,ProbeMuon_Phi) but only (ProbeMuon_Pt) seem to be in use.
  inputs:         ProbeMuon_Pt>=15.000000 && ProbeMuon_Pt< 20.000000
[#1] INFO:DataHandling -- RooAbsCategory::attachToTree(PassingProbeGlobalMuon) TTree branch PassingProbeGlobalMuon will be interpreted as category index
[#1] INFO:DataHandling -- RooTreeDataStore::loadValues(DATA) Skipping event #1 because ProbeMuon_Pt cannot accommodate the value 8.94856
[#1] INFO:DataHandling -- RooTreeDataStore::loadValues(DATA) Skipping event #4 because InvariantMass cannot accommodate the value 60.6086
[#1] INFO:DataHandling -- RooTreeDataStore::loadValues(DATA) Skipping event #7 because InvariantMass cannot accommodate the value 68.1354
[#1] INFO:DataHandling -- RooTreeDataStore::loadValues(DATA) Skipping event #9 because InvariantMass cannot accommodate the value 64.0556
[#1] INFO:DataHandling -- RooTreeDataStore::loadValues(DATA) Skipping ...
[#0] WARNING:DataHandling -- RooTreeDataStore::loadValues(DATA) Ignored 74560 out-of-range events
[#1] INFO:InputArguments -- The formula select claims to use the variables (InvariantMass,PassingProbeGlobalMuon,ProbeMuon_Pt,ProbeMuon_Eta,ProbeMuon_Phi) but only (InvariantMass) seem to be in use.
  inputs:         abs(InvariantMass-91.1976)<0.1
[#1] INFO:InputArguments -- The formula select claims to use the variables (InvariantMass,PassingProbeGlobalMuon,ProbeMuon_Pt,ProbeMuon_Eta,ProbeMuon_Phi) but only (InvariantMass) seem to be in use.
  inputs:         abs(InvariantMass-91.1976)<0.15&&abs(InvariantMass-91.1976)>.1
[#1] INFO:InputArguments -- RooDataHist::importDHistSet(combData) defining state "ALL" in index category sample
[#1] INFO:Minization -- p.d.f. provides expected number of events, including extended term in likelihood.
[#1] INFO:Minization -- RooMinimizer::optimizeConst: activating const optimization
RooAbsTestStatistic::initSimMode: creating slave calculator #0 for state ALL (100 dataset entries)
RooAbsTestStatistic::initSimMode: creating slave calculator #1 for state PASSING (100 dataset entries)
[#1] INFO:Fitting -- RooAbsTestStatistic::initSimMode: created 2 slave calculators.
[#1] INFO:Minization --  The following expressions will be evaluated in cache-and-track mode: (CBS,BW,BG)
[#1] INFO:Minization --  The following expressions will be evaluated in cache-and-track mode: (CBS,BW,BG)
 **********
 **    1 **SET PRINT           1
 **********
 **********
 **    2 **SET NOGRAD
 **********
 PARAMETER DEFINITIONS:
    NO.   NAME         VALUE      STEP SIZE      LIMITS
     1 a            0.00000e+00  4.00000e+00   -2.00000e+01  2.00000e+01
     2 alpha        3.30000e+00  5.00000e-01    0.00000e+00  5.00000e+00
     3 mean         9.11976e+01  2.00000e+00    8.00000e+01  1.00000e+02
     4 n            5.10000e+00  2.00000e+00    0.00000e+00  2.00000e+01
     5 n_back       1.74590e+04  6.89500e+02    0.00000e+00  1.88380e+04
     6 n_back_pass   1.74590e+04  1.01000e+02    0.00000e+00  1.76610e+04
     7 n_signal_total   2.02000e+02  1.01000e+02    0.00000e+00  1.88380e+04
     8 n_signal_total_pass   2.02000e+02  1.01000e+02    0.00000e+00  1.76610e+04
     9 sigma        4.12000e+00  2.01000e+00    1.00000e-01  1.00000e+02
    10 sigma_cb     2.00000e+00  5.00000e-01    1.00000e+00  4.00000e+01
 **********
 **    3 **SET ERR         0.5
 **********
 **********
 **    4 **SET PRINT           1
 **********
 **********
 **    5 **SET STR           1
 **********
 NOW USING STRATEGY  1: TRY TO BALANCE SPEED AGAINST RELIABILITY
 **********
 **    6 **MIGRAD        5000           1
 **********
 FIRST CALL TO USER FUNCTION AT NEW START POINT, WITH IFLAG=4.
 START MIGRAD MINIMIZATION.  STRATEGY  1.  CONVERGENCE WHEN EDM .LT. 1.00e-03
 FCN=-182733 FROM MIGRAD    STATUS=INITIATE      257 CALLS         258 TOTAL
                     EDM= unknown      STRATEGY= 1      NO ERROR MATRIX       
  EXT PARAMETER               CURRENT GUESS       STEP         FIRST   
  NO.   NAME      VALUE            ERROR          SIZE      DERIVATIVE 
   1  a            0.00000e+00   4.00000e+00   0.00000e+00   1.13828e+06
   2  alpha        1.10559e+00   5.00000e-01   0.00000e+00   6.52974e+02
   3  mean         9.11976e+01   2.00000e+00   0.00000e+00   2.07816e+04
   4  n            5.10000e+00   2.00000e+00   0.00000e+00   3.48839e+01
   5  n_back       7.62091e+03   6.89500e+02   0.00000e+00   1.31588e+03
   6  n_back_pass   4.79839e+03   1.01000e+02  -1.61342e+00  -2.01667e+01
   7  n_signal_total   1.02876e+04   1.01000e+02   0.00000e+00  -1.83629e+03
   8  n_signal_total_pass   1.03034e+04   1.01000e+02   0.00000e+00  -2.15230e+03
   9  sigma        4.12000e+00   2.01000e+00   0.00000e+00   3.29015e+03
  10  sigma_cb     2.00000e+00   5.00000e-01   0.00000e+00   1.44187e+03
                               ERR DEF= 0.5
 MINUIT WARNING IN MIGRAD  
 ============== Negative diagonal element 2 in Error Matrix
 MINUIT WARNING IN MIGRAD  
 ============== Negative diagonal element 4 in Error Matrix
 MINUIT WARNING IN MIGRAD  
 ============== 1.3362 added to diagonal of error matrix
RooMinimizerFcn: Minimized function has error status.
Returning maximum FCN so far (-18488.2) to force MIGRAD to back out of this region. Error log follows.
Parameter values: 	a=7.67345	alpha=1.89671	mean=81.8128	n=5.18769	n_back=230.83	n_back_pass=151.724	n_signal_total=14430.4	n_signal_total_pass=13246.4	sigma=51.8726	sigma_cb=13.4814
RooNLLVar::nll_simPdf_combData[ paramSet=(a,alpha,frac1,mean,n,n_back,n_back_pass,n_signal_total,n_signal_total_pass,sigma,sigma_cb) ]
     function value is NAN @ paramSet=(a = 7.67345,alpha = 1.89671,frac1 = 0.5,mean = 81.8128,n = 5.18769,n_back = 230.83,n_back_pass = 151.724,n_signal_total = 14430.4,n_signal_total_pass = 13246.4,sigma = 51.8726,sigma_cb = 13.4814)
RooNLLVar::ALL[ paramSet=(a,alpha,frac1,mean,n,n_back,n_signal_total,sigma,sigma_cb) ]
     function value is NAN @ paramSet=(a = 7.67345,alpha = 1.89671,frac1 = 0.5,mean = 81.8128,n = 5.18769,n_back = 230.83,n_signal_total = 14430.4,sigma = 51.8726,sigma_cb = 13.4814)
RooAddPdf::model[ n_signal_total * signal + n_back * BG ]
     p.d.f value is Not-a-Number @ !refCoefNorm=(), !pdfs=(signal = 0.026679/1,BG = inf/inf), !coefficients=(n_signal_total = 14430.4,n_back = 230.83)
     getLogVal() top-level p.d.f evaluates to NaN @ !refCoefNorm=(), !pdfs=(signal = 0.026679/1,BG = inf/inf), !coefficients=(n_signal_total = 14430.4,n_back = 230.83)
     p.d.f value is Not-a-Number @ !refCoefNorm=(), !pdfs=(signal = 0.0262103/1,BG = inf/inf), !coefficients=(n_signal_total = 14430.4,n_back = 230.83)
     getLogVal() top-level p.d.f evaluates to NaN @ !refCoefNorm=(), !pdfs=(signal = 0.0262103/1,BG = inf/inf), !coefficients=(n_signal_total = 14430.4,n_back = 230.83)
     p.d.f value is Not-a-Number @ !refCoefNorm=(), !pdfs=(signal = 0.0257361/1,BG = inf/inf), !coefficients=(n_signal_total = 14430.4,n_back = 230.83)
     getLogVal() top-level p.d.f evaluates to NaN @ !refCoefNorm=(), !pdfs=(signal = 0.0257361/1,BG = inf/inf), !coefficients=(n_signal_total = 14430.4,n_back = 230.83)
     p.d.f value is Not-a-Number @ !refCoefNorm=(), !pdfs=(signal = 0.0252571/1,BG = inf/inf), !coefficients=(n_signal_total = 14430.4,n_back = 230.83)
     getLogVal() top-level p.d.f evaluates to NaN @ !refCoefNorm=(), !pdfs=(signal = 0.0252571/1,BG = inf/inf), !coefficients=(n_signal_total = 14430.4,n_back = 230.83)
     p.d.f value is Not-a-Number @ !refCoefNorm=(), !pdfs=(signal = 0.0247744/1,BG = inf/inf), !coefficients=(n_signal_total = 14430.4,n_back = 230.83)
     getLogVal() top-level p.d.f evaluates to NaN @ !refCoefNorm=(), !pdfs=(signal = 0.0247744/1,BG = inf/inf), !coefficients=(n_signal_total = 14430.4,n_back = 230.83)
     p.d.f value is Not-a-Number @ !refCoefNorm=(), !pdfs=(signal = 0.0242887/1,BG = inf/inf), !coefficients=(n_signal_total = 14430.4,n_back = 230.83)
     getLogVal() top-level p.d.f evaluates to NaN @ !refCoefNorm=(), !pdfs=(signal = 0.0242887/1,BG = inf/inf), !coefficients=(n_signal_total = 14430.4,n_back = 230.83)
    ... (remaining 78 messages suppressed)
RooNLLVar::PASSING[ paramSet=(a,alpha,frac1,mean,n,n_back_pass,n_signal_total_pass,sigma,sigma_cb) ]
     function value is NAN @ paramSet=(a = 7.67345,alpha = 1.89671,frac1 = 0.5,mean = 81.8128,n = 5.18769,n_back_pass = 151.724,n_signal_total_pass = 13246.4,sigma = 51.8726,sigma_cb = 13.4814)
RooAddPdf::model_pass[ n_signal_total_pass * signal + n_back_pass * BG ]
     p.d.f value is Not-a-Number @ !refCoefNorm=(), !pdfs=(signal = 0.026679/1,BG = inf/inf), !coefficients=(n_signal_total_pass = 13246.4,n_back_pass = 151.724)
     getLogVal() top-level p.d.f evaluates to NaN @ !refCoefNorm=(), !pdfs=(signal = 0.026679/1,BG = inf/inf), !coefficients=(n_signal_total_pass = 13246.4,n_back_pass = 151.724)
     p.d.f value is Not-a-Number @ !refCoefNorm=(), !pdfs=(signal = 0.0262103/1,BG = inf/inf), !coefficients=(n_signal_total_pass = 13246.4,n_back_pass = 151.724)
     getLogVal() top-level p.d.f evaluates to NaN @ !refCoefNorm=(), !pdfs=(signal = 0.0262103/1,BG = inf/inf), !coefficients=(n_signal_total_pass = 13246.4,n_back_pass = 151.724)
     p.d.f value is Not-a-Number @ !refCoefNorm=(), !pdfs=(signal = 0.0257361/1,BG = inf/inf), !coefficients=(n_signal_total_pass = 13246.4,n_back_pass = 151.724)
     getLogVal() top-level p.d.f evaluates to NaN @ !refCoefNorm=(), !pdfs=(signal = 0.0257361/1,BG = inf/inf), !coefficients=(n_signal_total_pass = 13246.4,n_back_pass = 151.724)
     p.d.f value is Not-a-Number @ !refCoefNorm=(), !pdfs=(signal = 0.0252571/1,BG = inf/inf), !coefficients=(n_signal_total_pass = 13246.4,n_back_pass = 151.724)
     getLogVal() top-level p.d.f evaluates to NaN @ !refCoefNorm=(), !pdfs=(signal = 0.0252571/1,BG = inf/inf), !coefficients=(n_signal_total_pass = 13246.4,n_back_pass = 151.724)
     p.d.f value is Not-a-Number @ !refCoefNorm=(), !pdfs=(signal = 0.0247744/1,BG = inf/inf), !coefficients=(n_signal_total_pass = 13246.4,n_back_pass = 151.724)
     getLogVal() top-level p.d.f evaluates to NaN @ !refCoefNorm=(), !pdfs=(signal = 0.0247744/1,BG = inf/inf), !coefficients=(n_signal_total_pass = 13246.4,n_back_pass = 151.724)
     p.d.f value is Not-a-Number @ !refCoefNorm=(), !pdfs=(signal = 0.0242887/1,BG = inf/inf), !coefficients=(n_signal_total_pass = 13246.4,n_back_pass = 151.724)
     getLogVal() top-level p.d.f evaluates to NaN @ !refCoefNorm=(), !pdfs=(signal = 0.0242887/1,BG = inf/inf), !coefficients=(n_signal_total_pass = 13246.4,n_back_pass = 151.724)
    ... (remaining 78 messages suppressed)

 MIGRAD MINIMIZATION HAS CONVERGED.
 MIGRAD WILL VERIFY CONVERGENCE AND ERROR MATRIX.
 COVARIANCE MATRIX CALCULATED SUCCESSFULLY
 FCN=-186107 FROM MIGRAD    STATUS=CONVERGED    1342 CALLS        1343 TOTAL
                     EDM=2.93302e-05    STRATEGY= 1      ERROR MATRIX ACCURATE 
  EXT PARAMETER                                   STEP         FIRST   
  NO.   NAME      VALUE            ERROR          SIZE      DERIVATIVE 
   1  a           -8.37672e-02   6.79543e-03   5.00347e-05  -1.51497e+01
   2  alpha        1.12808e+00   6.63755e-02   2.58494e-03  -1.03251e-01
   3  mean         9.05913e+01   2.22415e-02   5.09407e-04   1.88760e-02
   4  n            1.00615e+00   1.90032e-01   2.39184e-03  -8.38475e-02
   5  n_back       2.02940e+03   2.22700e+02   3.75772e-03   1.12509e-01
   6  n_back_pass   1.51340e+03   1.95407e+02   4.05508e-03   7.22733e-02
   7  n_signal_total   1.68088e+04   2.52749e+02   6.87607e-03   7.14094e-02
   8  n_signal_total_pass   1.61477e+04   2.28761e+02   7.90867e-03   2.78311e-02
   9  sigma        4.11563e+00   2.02074e-01   9.95864e-04   5.57961e-01
  10  sigma_cb     2.32248e+00   8.87251e-02   1.49398e-03   4.81215e-01
                               ERR DEF= 0.5
 EXTERNAL ERROR MATRIX.    NDIM=  25    NPAR= 10    ERR DEF=0.5
  4.618e-05  1.663e-07 -3.867e-05  8.358e-05  8.612e-01  6.248e-01 -8.556e-01 -6.195e-01 -9.763e-04  3.466e-04 
  1.663e-07  4.407e-03 -6.278e-04 -1.093e-02 -6.409e+00 -6.156e+00  6.382e+00  6.120e+00  3.221e-03  8.077e-05 
 -3.867e-05 -6.278e-04  4.947e-04  1.183e-03 -1.909e-01 -5.997e-04  1.884e-01 -8.039e-04  1.086e-03 -8.833e-04 
  8.358e-05 -1.093e-02  1.183e-03  3.613e-02  2.988e+01  2.814e+01 -2.975e+01 -2.798e+01 -9.238e-03  4.400e-04 
  8.612e-01 -6.409e+00 -1.909e-01  2.988e+01  4.962e+04  3.752e+04 -4.734e+04 -3.727e+04 -2.478e+01  7.083e+00 
  6.248e-01 -6.156e+00 -5.997e-04  2.814e+01  3.752e+04  3.820e+04 -3.734e+04 -3.645e+04 -1.915e+01  5.148e+00 
 -8.556e-01  6.382e+00  1.884e-01 -2.975e+01 -4.734e+04 -3.734e+04  6.392e+04  3.709e+04  2.463e+01 -7.037e+00 
 -6.195e-01  6.120e+00 -8.039e-04 -2.798e+01 -3.727e+04 -3.645e+04  3.709e+04  5.237e+04  1.900e+01 -5.105e+00 
 -9.763e-04  3.221e-03  1.086e-03 -9.238e-03 -2.478e+01 -1.915e+01  2.463e+01  1.900e+01  4.084e-02 -1.550e-02 
  3.466e-04  8.077e-05 -8.833e-04  4.400e-04  7.083e+00  5.148e+00 -7.037e+00 -5.105e+00 -1.550e-02  7.873e-03 
 PARAMETER  CORRELATION COEFFICIENTS  
       NO.  GLOBAL      1      2      3      4      5      6      7      8      9     10
        1  0.86920   1.000  0.000 -0.256  0.065  0.569  0.470 -0.498 -0.398 -0.711  0.575
        2  0.96206   0.000  1.000 -0.425 -0.866 -0.433 -0.474  0.380  0.403  0.240  0.014
        3  0.64126  -0.256 -0.425  1.000  0.280 -0.039 -0.000  0.033 -0.000  0.242 -0.448
        4  0.98279   0.065 -0.866  0.280  1.000  0.706  0.757 -0.619 -0.643 -0.240  0.026
        5  0.94373   0.569 -0.433 -0.039  0.706  1.000  0.862 -0.841 -0.731 -0.551  0.358
        6  0.93888   0.470 -0.474 -0.000  0.757  0.862  1.000 -0.756 -0.815 -0.485  0.297
        7  0.84589  -0.498  0.380  0.033 -0.619 -0.841 -0.756  1.000  0.641  0.482 -0.314
        8  0.81923  -0.398  0.403 -0.000 -0.643 -0.731 -0.815  0.641  1.000  0.411 -0.251
        9  0.94583  -0.711  0.240  0.242 -0.240 -0.551 -0.485  0.482  0.411  1.000 -0.864
       10  0.91714   0.575  0.014 -0.448  0.026  0.358  0.297 -0.314 -0.251 -0.864  1.000
 **********
 **    7 **SET ERR         0.5
 **********
 **********
 **    8 **SET PRINT           1
 **********
 **********
 **    9 **HESSE        5000
 **********
 COVARIANCE MATRIX CALCULATED SUCCESSFULLY
 FCN=-186107 FROM HESSE     STATUS=OK             86 CALLS        1429 TOTAL
                     EDM=3.02185e-05    STRATEGY= 1      ERROR MATRIX ACCURATE 
  EXT PARAMETER                                INTERNAL      INTERNAL  
  NO.   NAME      VALUE            ERROR       STEP SIZE       VALUE   
   1  a           -8.37672e-02   7.06262e-03   2.00139e-06  -4.18837e-03
   2  alpha        1.12808e+00   7.88739e-02   1.03397e-04  -5.80890e-01
   3  mean         9.05913e+01   2.22546e-02   2.03763e-05   5.91688e-02
   4  n            1.00615e+00   2.36565e-01   9.56734e-05  -1.11836e+00
   5  n_back       2.02940e+03   2.67012e+02   1.50309e-04  -9.01958e-01
   6  n_back_pass   1.51340e+03   2.35798e+02   1.62203e-04  -9.76632e-01
   7  n_signal_total   1.68088e+04   2.93312e+02   2.75043e-04   9.02000e-01
   8  n_signal_total_pass   1.61477e+04   2.64925e+02   3.16347e-04   9.76655e-01
   9  sigma        4.11563e+00   2.19462e-01   3.98346e-05  -1.16708e+00
  10  sigma_cb     2.32248e+00   9.13086e-02   5.97593e-05  -1.20039e+00
                               ERR DEF= 0.5
 EXTERNAL ERROR MATRIX.    NDIM=  25    NPAR= 10    ERR DEF=0.5
  4.988e-05 -7.821e-05 -3.350e-05  3.463e-04  1.141e+00  8.742e-01 -1.141e+00 -8.739e-01 -1.135e-03  3.864e-04 
 -7.821e-05  6.224e-03 -7.242e-04 -1.693e-02 -1.263e+01 -1.174e+01  1.263e+01  1.174e+01  6.891e-03 -9.238e-04 
 -3.350e-05 -7.242e-04  4.953e-04  1.532e-03  1.997e-01  3.494e-01 -1.997e-01 -3.494e-01  8.465e-04 -8.050e-04 
  3.463e-04 -1.693e-02  1.532e-03  5.602e-02  5.057e+01  4.671e+01 -5.056e+01 -4.670e+01 -2.107e-02  3.529e-03 
  1.141e+00 -1.263e+01  1.997e-01  5.057e+01  7.135e+04  5.697e+04 -6.930e+04 -5.696e+04 -3.696e+01  1.014e+01 
  8.742e-01 -1.174e+01  3.494e-01  4.671e+01  5.697e+04  5.564e+04 -5.696e+04 -5.412e+04 -3.003e+01  7.876e+00 
 -1.141e+00  1.263e+01 -1.997e-01 -5.056e+01 -6.930e+04 -5.696e+04  8.610e+04  5.695e+04  3.696e+01 -1.014e+01 
 -8.739e-01  1.174e+01 -3.494e-01 -4.670e+01 -5.696e+04 -5.412e+04  5.695e+04  7.025e+04  3.002e+01 -7.874e+00 
 -1.135e-03  6.891e-03  8.465e-04 -2.107e-02 -3.696e+01 -3.003e+01  3.696e+01  3.002e+01  4.817e-02 -1.740e-02 
  3.864e-04 -9.238e-04 -8.050e-04  3.529e-03  1.014e+01  7.876e+00 -1.014e+01 -7.874e+00 -1.740e-02  8.338e-03 
 PARAMETER  CORRELATION COEFFICIENTS  
       NO.  GLOBAL      1      2      3      4      5      6      7      8      9     10
        1  0.87957   1.000 -0.140 -0.213  0.207  0.605  0.525 -0.551 -0.467 -0.733  0.599
        2  0.97329  -0.140  1.000 -0.412 -0.907 -0.599 -0.631  0.545  0.561  0.398 -0.128
        3  0.64180  -0.213 -0.412  1.000  0.291  0.034  0.067 -0.031 -0.059  0.173 -0.396
        4  0.98893   0.207 -0.907  0.291  1.000  0.800  0.837 -0.728 -0.744 -0.406  0.163
        5  0.96122   0.605 -0.599  0.034  0.800  1.000  0.904 -0.884 -0.805 -0.631  0.416
        6  0.95846   0.525 -0.631  0.067  0.837  0.904  1.000 -0.823 -0.866 -0.580  0.366
        7  0.88815  -0.551  0.545 -0.031 -0.728 -0.884 -0.823  1.000  0.732  0.574 -0.378
        8  0.86882  -0.467  0.561 -0.059 -0.744 -0.805 -0.866  0.732  1.000  0.516 -0.325
        9  0.95427  -0.733  0.398  0.173 -0.406 -0.631 -0.580  0.574  0.516  1.000 -0.868
       10  0.92196   0.599 -0.128 -0.396  0.163  0.416  0.366 -0.378 -0.325 -0.868  1.000
[#1] INFO:Minization -- RooMinimizer::optimizeConst: deactivating const optimization
yield_ALL:16808.8

yield_PASS:16147.7

yield_ALL_Bkg:2029.4

yield_PASS_Bkg:1513.4

[#1] INFO:Plotting -- RooAbsPdf::plotOn(model) directly selected PDF components: (signal)
[#1] INFO:Plotting -- RooAbsPdf::plotOn(model) indirectly selected PDF components: (CBS,BW)
[#1] INFO:Plotting -- RooAbsPdf::plotOn(model) directly selected PDF components: (BG)
[#1] INFO:Plotting -- RooAbsPdf::plotOn(model) indirectly selected PDF components: ()
[#0] ERROR:Plotting -- RooAbsPdf::plotOn(model) ERROR: component selection expression 'VT' does not select any components of p.d.f.
[#0] ERROR:Plotting -- RooAbsPdf::plotOn(model) ERROR: component selection expression 'VT2' does not select any components of p.d.f.
[#1] INFO:Plotting -- RooAbsPdf::plotOn(model) directly selected PDF components: (CBS)
[#1] INFO:Plotting -- RooAbsPdf::plotOn(model) indirectly selected PDF components: (signal)
[#1] INFO:Plotting -- RooAbsPdf::plotOn(model) directly selected PDF components: (BW)
[#1] INFO:Plotting -- RooAbsPdf::plotOn(model) indirectly selected PDF components: (signal)
[#1] INFO:Plotting -- RooAbsPdf::plotOn(model_pass) directly selected PDF components: (signal)
[#1] INFO:Plotting -- RooAbsPdf::plotOn(model_pass) indirectly selected PDF components: (CBS,BW)
[#1] INFO:Plotting -- RooAbsPdf::plotOn(model_pass) directly selected PDF components: (BG)
[#1] INFO:Plotting -- RooAbsPdf::plotOn(model_pass) indirectly selected PDF components: ()
[#0] ERROR:Plotting -- RooAbsPdf::plotOn(model_pass) ERROR: component selection expression 'VT' does not select any components of p.d.f.
[#0] ERROR:Plotting -- RooAbsPdf::plotOn(model_pass) ERROR: component selection expression 'VT2' does not select any components of p.d.f.
[#1] INFO:Plotting -- RooAbsPdf::plotOn(model_pass) directly selected PDF components: (CBS)
[#1] INFO:Plotting -- RooAbsPdf::plotOn(model_pass) indirectly selected PDF components: (signal)
[#1] INFO:Plotting -- RooAbsPdf::plotOn(model_pass) directly selected PDF components: (BW)
[#1] INFO:Plotting -- RooAbsPdf::plotOn(model_pass) indirectly selected PDF components: (signal)
[#1] INFO:InputArguments -- The formula PPTM_cond claims to use the variables (ProbeMuon_Pt,ProbeMuon_Eta,ProbeMuon_Phi) but only (ProbeMuon_Pt) seem to be in use.
  inputs:         ProbeMuon_Pt>=20.000000 && ProbeMuon_Pt< 25.000000
[#1] INFO:DataHandling -- RooAbsCategory::attachToTree(PassingProbeGlobalMuon) TTree branch PassingProbeGlobalMuon will be interpreted as category index
[#1] INFO:DataHandling -- RooTreeDataStore::loadValues(DATA) Skipping event #1 because ProbeMuon_Pt cannot accommodate the value 8.94856
[#1] INFO:DataHandling -- RooTreeDataStore::loadValues(DATA) Skipping event #4 because InvariantMass cannot accommodate the value 60.6086
[#1] INFO:DataHandling -- RooTreeDataStore::loadValues(DATA) Skipping event #7 because InvariantMass cannot accommodate the value 68.1354
[#1] INFO:DataHandling -- RooTreeDataStore::loadValues(DATA) Skipping event #9 because InvariantMass cannot accommodate the value 64.0556
[#1] INFO:DataHandling -- RooTreeDataStore::loadValues(DATA) Skipping ...
[#0] WARNING:DataHandling -- RooTreeDataStore::loadValues(DATA) Ignored 74560 out-of-range events
[#1] INFO:InputArguments -- The formula select claims to use the variables (InvariantMass,PassingProbeGlobalMuon,ProbeMuon_Pt,ProbeMuon_Eta,ProbeMuon_Phi) but only (InvariantMass) seem to be in use.
  inputs:         abs(InvariantMass-91.1976)<0.1
[#1] INFO:InputArguments -- The formula select claims to use the variables (InvariantMass,PassingProbeGlobalMuon,ProbeMuon_Pt,ProbeMuon_Eta,ProbeMuon_Phi) but only (InvariantMass) seem to be in use.
  inputs:         abs(InvariantMass-91.1976)<0.15&&abs(InvariantMass-91.1976)>.1
[#1] INFO:InputArguments -- RooDataHist::importDHistSet(combData) defining state "ALL" in index category sample
[#1] INFO:Minization -- p.d.f. provides expected number of events, including extended term in likelihood.
[#1] INFO:Minization -- RooMinimizer::optimizeConst: activating const optimization
RooAbsTestStatistic::initSimMode: creating slave calculator #0 for state ALL (100 dataset entries)
RooAbsTestStatistic::initSimMode: creating slave calculator #1 for state PASSING (100 dataset entries)
[#1] INFO:Fitting -- RooAbsTestStatistic::initSimMode: created 2 slave calculators.
[#1] INFO:Minization --  The following expressions will be evaluated in cache-and-track mode: (CBS,BW,BG)
[#1] INFO:Minization --  The following expressions will be evaluated in cache-and-track mode: (CBS,BW,BG)
 **********
 **   10 **SET PRINT           1
 **********
 **********
 **   11 **SET NOGRAD
 **********
 PARAMETER DEFINITIONS:
    NO.   NAME         VALUE      STEP SIZE      LIMITS
     1 a            0.00000e+00  4.00000e+00   -2.00000e+01  2.00000e+01
     2 alpha        3.30000e+00  5.00000e-01    0.00000e+00  5.00000e+00
     3 mean         9.11976e+01  2.00000e+00    8.00000e+01  1.00000e+02
     4 n            5.10000e+00  2.00000e+00    0.00000e+00  2.00000e+01
     5 n_back       3.87000e+04  1.10200e+03    0.00000e+00  4.09040e+04
     6 n_back_pass   3.87000e+04  2.87500e+02    0.00000e+00  3.92750e+04
     7 n_signal_total   5.75000e+02  2.87500e+02    0.00000e+00  4.09040e+04
     8 n_signal_total_pass   5.75000e+02  2.87500e+02    0.00000e+00  3.92750e+04
     9 sigma        4.12000e+00  2.01000e+00    1.00000e-01  1.00000e+02
    10 sigma_cb     2.00000e+00  5.00000e-01    1.00000e+00  4.00000e+01
 **********
 **   12 **SET ERR         0.5
 **********
 **********
 **   13 **SET PRINT           1
 **********
 **********
 **   14 **SET STR           1
 **********
 NOW USING STRATEGY  1: TRY TO BALANCE SPEED AGAINST RELIABILITY
 **********
 **   15 **MIGRAD        5000           1
 **********
 FIRST CALL TO USER FUNCTION AT NEW START POINT, WITH IFLAG=4.
 START MIGRAD MINIMIZATION.  STRATEGY  1.  CONVERGENCE WHEN EDM .LT. 1.00e-03
 FCN=-469986 FROM MIGRAD    STATUS=INITIATE      250 CALLS         251 TOTAL
                     EDM= unknown      STRATEGY= 1      NO ERROR MATRIX       
  EXT PARAMETER               CURRENT GUESS       STEP         FIRST   
  NO.   NAME      VALUE            ERROR          SIZE      DERIVATIVE 
   1  a            0.00000e+00   4.00000e+00   0.00000e+00   1.87696e+06
   2  alpha        7.58637e-01   5.00000e-01   0.00000e+00   8.27559e+02
   3  mean         9.11976e+01   2.00000e+00   0.00000e+00   3.89980e+04
   4  n            5.10000e+00   2.00000e+00   0.00000e+00   2.18871e+01
   5  n_back       1.18106e+04   1.10200e+03   0.00000e+00   2.04255e+03
   6  n_back_pass   7.71359e+03   2.87500e+02  -1.77699e+00  -2.10030e+02
   7  n_signal_total   2.47669e+04   2.87500e+02   0.00000e+00  -4.54289e+03
   8  n_signal_total_pass   2.52485e+04   2.87500e+02   0.00000e+00  -4.62800e+03
   9  sigma        4.12000e+00   2.01000e+00   0.00000e+00   1.05466e+04
  10  sigma_cb     2.00000e+00   5.00000e-01   0.00000e+00   6.76134e+03
                               ERR DEF= 0.5
 MIGRAD MINIMIZATION HAS CONVERGED.
 FCN=-476048 FROM MIGRAD    STATUS=CONVERGED    1082 CALLS        1083 TOTAL
                     EDM=3.12151e-05    STRATEGY= 1  ERROR MATRIX UNCERTAINTY   2.8 per cent
  EXT PARAMETER                                   STEP         FIRST   
  NO.   NAME      VALUE            ERROR          SIZE      DERIVATIVE 
   1  a           -1.14135e-01   1.09966e-02  -2.65031e-06  -8.65869e+00
   2  alpha        1.14093e+00   3.27612e-02   1.04569e-04  -8.15641e-01
   3  mean         9.06401e+01   1.17954e-02   1.56304e-05  -4.43521e+00
   4  n            7.42585e-01   7.74262e-02  -1.87213e-04  -7.40202e-01
   5  n_back       1.93271e+03   3.21172e+02  -3.90183e-04   3.88498e-01
   6  n_back_pass   1.56882e+03   2.87498e+02  -3.28802e-04   1.78014e-01
   7  n_signal_total   3.89729e+04   3.43804e+02   2.09452e-04   7.65036e-02
   8  n_signal_total_pass   3.77081e+04   3.52385e+02   9.39076e-05   1.08555e-01
   9  sigma        4.00294e+00   9.13855e-02   2.84312e-05   1.25062e+00
  10  sigma_cb     2.25469e+00   3.95129e-02  -5.13948e-05   4.14654e-01
                               ERR DEF= 0.5
 EXTERNAL ERROR MATRIX.    NDIM=  25    NPAR= 10    ERR DEF=0.5
  1.209e-04 -1.073e-04 -4.649e-06  4.234e-04  2.779e+00  2.437e+00 -2.344e+00 -2.583e+00 -5.955e-04  1.634e-04 
 -1.073e-04  1.073e-03 -5.701e-05 -2.102e-03 -5.345e+00 -4.699e+00  4.962e+00  4.784e+00  1.570e-03 -5.101e-04 
 -4.649e-06 -5.701e-05  1.391e-04  4.277e-05 -1.076e-01 -8.066e-02  8.710e-02  7.844e-02  4.627e-05 -1.088e-04 
  4.234e-04 -2.102e-03  4.277e-05  5.996e-03  2.059e+01  1.858e+01 -1.905e+01 -1.921e+01 -3.297e-03  1.014e-03 
  2.779e+00 -5.345e+00 -1.076e-01  2.059e+01  1.032e+05  8.708e+04 -9.312e+04 -8.902e+04 -1.586e+01  4.544e+00 
  2.437e+00 -4.699e+00 -8.066e-02  1.858e+01  8.708e+04  8.269e+04 -7.817e+04 -8.642e+04 -1.310e+01  3.662e+00 
 -2.344e+00  4.962e+00  8.710e-02 -1.905e+01 -9.312e+04 -7.817e+04  1.183e+05  8.372e+04  1.549e+01 -4.381e+00 
 -2.583e+00  4.784e+00  7.844e-02 -1.921e+01 -8.902e+04 -8.642e+04  8.372e+04  1.243e+05  1.423e+01 -3.951e+00 
 -5.955e-04  1.570e-03  4.627e-05 -3.297e-03 -1.586e+01 -1.310e+01  1.549e+01  1.423e+01  8.351e-03 -2.889e-03 
  1.634e-04 -5.101e-04 -1.088e-04  1.014e-03  4.544e+00  3.662e+00 -4.381e+00 -3.951e+00 -2.889e-03  1.561e-03 
 PARAMETER  CORRELATION COEFFICIENTS  
       NO.  GLOBAL      1      2      3      4      5      6      7      8      9     10
        1  0.90333   1.000 -0.298 -0.036  0.497  0.787  0.771 -0.620 -0.666 -0.593  0.376
        2  0.95168  -0.298  1.000 -0.148 -0.828 -0.508 -0.499  0.440  0.414  0.524 -0.394
        3  0.41192  -0.036 -0.148  1.000  0.047 -0.028 -0.024  0.021  0.019  0.043 -0.233
        4  0.98289   0.497 -0.828  0.047  1.000  0.828  0.834 -0.715 -0.704 -0.466  0.332
        5  0.97139   0.787 -0.508 -0.028  0.828  1.000  0.943 -0.843 -0.786 -0.540  0.358
        6  0.97199   0.771 -0.499 -0.024  0.834  0.943  1.000 -0.790 -0.852 -0.498  0.322
        7  0.85281  -0.620  0.440  0.021 -0.715 -0.843 -0.790  1.000  0.691  0.493 -0.322
        8  0.85855  -0.666  0.414  0.019 -0.704 -0.786 -0.852  0.691  1.000  0.442 -0.284
        9  0.89620  -0.593  0.524  0.043 -0.466 -0.540 -0.498  0.493  0.442  1.000 -0.800
       10  0.83525   0.376 -0.394 -0.233  0.332  0.358  0.322 -0.322 -0.284 -0.800  1.000
 **********
 **   16 **SET ERR         0.5
 **********
 **********
 **   17 **SET PRINT           1
 **********
 **********
 **   18 **HESSE        5000
 **********
 COVARIANCE MATRIX CALCULATED SUCCESSFULLY
 FCN=-476048 FROM HESSE     STATUS=OK            102 CALLS        1185 TOTAL
                     EDM=0.00137263    STRATEGY= 1      ERROR MATRIX ACCURATE 
  EXT PARAMETER                                INTERNAL      INTERNAL  
  NO.   NAME      VALUE            ERROR       STEP SIZE       VALUE   
   1  a           -1.14135e-01   1.33453e-02   1.30644e-04  -5.70678e-03
   2  alpha        1.14093e+00   3.14049e-02   2.35727e-03  -5.74755e-01
   3  mean         9.06401e+01   1.20026e-02   5.19199e-04   6.40579e-02
   4  n            7.42585e-01   7.18848e-02   1.81804e-03  -1.18299e+00
   5  n_back       1.93271e+03   3.32202e+02   4.82699e-03  -1.13256e+00
   6  n_back_pass   1.56882e+03   2.91691e+02   5.17644e-03  -1.16836e+00
   7  n_signal_total   3.89729e+04   3.80224e+02   1.10480e-02   1.13274e+00
   8  n_signal_total_pass   3.77081e+04   3.44556e+02   1.22389e-02   1.16861e+00
   9  sigma        4.00294e+00   8.71496e-02   9.90749e-04  -1.17286e+00
  10  sigma_cb     2.25469e+00   3.89192e-02   1.52643e-03  -1.21012e+00
                               ERR DEF= 0.5
 EXTERNAL ERROR MATRIX.    NDIM=  25    NPAR= 10    ERR DEF=0.5
  1.781e-04 -8.471e-05 -9.588e-06  4.742e-04  3.631e+00  3.042e+00 -3.581e+00 -2.993e+00 -6.383e-04  1.699e-04 
 -8.471e-05  9.863e-04 -6.446e-05 -1.775e-03 -4.126e+00 -3.755e+00  4.075e+00  3.700e+00  1.312e-03 -4.166e-04 
 -9.588e-06 -6.446e-05  1.441e-04  3.947e-05 -1.721e-01 -1.406e-01  1.697e-01  1.383e-01  5.685e-05 -1.138e-04 
  4.742e-04 -1.775e-03  3.947e-05  5.168e-03  1.897e+01  1.702e+01 -1.873e+01 -1.676e+01 -2.603e-03  7.697e-04 
  3.631e+00 -4.126e+00 -1.721e-01  1.897e+01  1.104e+05  8.847e+04 -1.071e+05 -8.711e+04 -1.384e+01  3.785e+00 
  3.042e+00 -3.755e+00 -1.406e-01  1.702e+01  8.847e+04  8.512e+04 -8.730e+04 -8.229e+04 -1.165e+01  3.197e+00 
 -3.581e+00  4.075e+00  1.697e-01 -1.873e+01 -1.071e+05 -8.730e+04  1.447e+05  8.596e+04  1.365e+01 -3.733e+00 
 -2.993e+00  3.700e+00  1.383e-01 -1.676e+01 -8.711e+04 -8.229e+04  8.596e+04  1.188e+05  1.147e+01 -3.146e+00 
 -6.383e-04  1.312e-03  5.685e-05 -2.603e-03 -1.384e+01 -1.165e+01  1.365e+01  1.147e+01  7.595e-03 -2.671e-03 
  1.699e-04 -4.166e-04 -1.138e-04  7.697e-04  3.785e+00  3.197e+00 -3.733e+00 -3.146e+00 -2.671e-03  1.515e-03 
 PARAMETER  CORRELATION COEFFICIENTS  
       NO.  GLOBAL      1      2      3      4      5      6      7      8      9     10
        1  0.91136   1.000 -0.202 -0.060  0.494  0.819  0.781 -0.705 -0.651 -0.549  0.327
        2  0.94382  -0.202  1.000 -0.171 -0.786 -0.395 -0.410  0.341  0.342  0.479 -0.341
        3  0.42321  -0.060 -0.171  1.000  0.046 -0.043 -0.040  0.037  0.033  0.054 -0.244
        4  0.97968   0.494 -0.786  0.046  1.000  0.794  0.811 -0.685 -0.677 -0.415  0.275
        5  0.96432   0.819 -0.395 -0.043  0.794  1.000  0.913 -0.847 -0.761 -0.478  0.293
        6  0.95806   0.781 -0.410 -0.040  0.811  0.913  1.000 -0.787 -0.818 -0.458  0.282
        7  0.84859  -0.705  0.341  0.037 -0.685 -0.847 -0.787  1.000  0.656  0.412 -0.252
        8  0.81967  -0.651  0.342  0.033 -0.677 -0.761 -0.818  0.656  1.000  0.382 -0.235
        9  0.88695  -0.549  0.479  0.054 -0.415 -0.478 -0.458  0.412  0.382  1.000 -0.787
       10  0.82405   0.327 -0.341 -0.244  0.275  0.293  0.282 -0.252 -0.235 -0.787  1.000
[#1] INFO:Minization -- RooMinimizer::optimizeConst: deactivating const optimization
yield_ALL:38972.9

yield_PASS:37708.1

yield_ALL_Bkg:1932.71

yield_PASS_Bkg:1568.82

[#1] INFO:Plotting -- RooAbsPdf::plotOn(model) directly selected PDF components: (signal)
[#1] INFO:Plotting -- RooAbsPdf::plotOn(model) indirectly selected PDF components: (CBS,BW)
[#1] INFO:Plotting -- RooAbsPdf::plotOn(model) directly selected PDF components: (BG)
[#1] INFO:Plotting -- RooAbsPdf::plotOn(model) indirectly selected PDF components: ()
[#0] ERROR:Plotting -- RooAbsPdf::plotOn(model) ERROR: component selection expression 'VT' does not select any components of p.d.f.
[#0] ERROR:Plotting -- RooAbsPdf::plotOn(model) ERROR: component selection expression 'VT2' does not select any components of p.d.f.
[#1] INFO:Plotting -- RooAbsPdf::plotOn(model) directly selected PDF components: (CBS)
[#1] INFO:Plotting -- RooAbsPdf::plotOn(model) indirectly selected PDF components: (signal)
[#1] INFO:Plotting -- RooAbsPdf::plotOn(model) directly selected PDF components: (BW)
[#1] INFO:Plotting -- RooAbsPdf::plotOn(model) indirectly selected PDF components: (signal)
[#1] INFO:Plotting -- RooAbsPdf::plotOn(model_pass) directly selected PDF components: (signal)
[#1] INFO:Plotting -- RooAbsPdf::plotOn(model_pass) indirectly selected PDF components: (CBS,BW)
[#1] INFO:Plotting -- RooAbsPdf::plotOn(model_pass) directly selected PDF components: (BG)
[#1] INFO:Plotting -- RooAbsPdf::plotOn(model_pass) indirectly selected PDF components: ()
[#0] ERROR:Plotting -- RooAbsPdf::plotOn(model_pass) ERROR: component selection expression 'VT' does not select any components of p.d.f.
[#0] ERROR:Plotting -- RooAbsPdf::plotOn(model_pass) ERROR: component selection expression 'VT2' does not select any components of p.d.f.
[#1] INFO:Plotting -- RooAbsPdf::plotOn(model_pass) directly selected PDF components: (CBS)
[#1] INFO:Plotting -- RooAbsPdf::plotOn(model_pass) indirectly selected PDF components: (signal)
[#1] INFO:Plotting -- RooAbsPdf::plotOn(model_pass) directly selected PDF components: (BW)
[#1] INFO:Plotting -- RooAbsPdf::plotOn(model_pass) indirectly selected PDF components: (signal)
[#1] INFO:InputArguments -- The formula PPTM_cond claims to use the variables (ProbeMuon_Pt,ProbeMuon_Eta,ProbeMuon_Phi) but only (ProbeMuon_Pt) seem to be in use.
  inputs:         ProbeMuon_Pt>=25.000000 && ProbeMuon_Pt< 30.000000
[#1] INFO:DataHandling -- RooAbsCategory::attachToTree(PassingProbeGlobalMuon) TTree branch PassingProbeGlobalMuon will be interpreted as category index
[#1] INFO:DataHandling -- RooTreeDataStore::loadValues(DATA) Skipping event #1 because ProbeMuon_Pt cannot accommodate the value 8.94856
[#1] INFO:DataHandling -- RooTreeDataStore::loadValues(DATA) Skipping event #4 because InvariantMass cannot accommodate the value 60.6086
[#1] INFO:DataHandling -- RooTreeDataStore::loadValues(DATA) Skipping event #7 because InvariantMass cannot accommodate the value 68.1354
[#1] INFO:DataHandling -- RooTreeDataStore::loadValues(DATA) Skipping event #9 because InvariantMass cannot accommodate the value 64.0556
[#1] INFO:DataHandling -- RooTreeDataStore::loadValues(DATA) Skipping ...
[#0] WARNING:DataHandling -- RooTreeDataStore::loadValues(DATA) Ignored 74560 out-of-range events
[#1] INFO:InputArguments -- The formula select claims to use the variables (InvariantMass,PassingProbeGlobalMuon,ProbeMuon_Pt,ProbeMuon_Eta,ProbeMuon_Phi) but only (InvariantMass) seem to be in use.
  inputs:         abs(InvariantMass-91.1976)<0.1
[#1] INFO:InputArguments -- The formula select claims to use the variables (InvariantMass,PassingProbeGlobalMuon,ProbeMuon_Pt,ProbeMuon_Eta,ProbeMuon_Phi) but only (InvariantMass) seem to be in use.
  inputs:         abs(InvariantMass-91.1976)<0.15&&abs(InvariantMass-91.1976)>.1
[#1] INFO:InputArguments -- RooDataHist::importDHistSet(combData) defining state "ALL" in index category sample
[#1] INFO:Minization -- p.d.f. provides expected number of events, including extended term in likelihood.
[#1] INFO:Minization -- RooMinimizer::optimizeConst: activating const optimization
RooAbsTestStatistic::initSimMode: creating slave calculator #0 for state ALL (100 dataset entries)
RooAbsTestStatistic::initSimMode: creating slave calculator #1 for state PASSING (100 dataset entries)
[#1] INFO:Fitting -- RooAbsTestStatistic::initSimMode: created 2 slave calculators.
[#1] INFO:Minization --  The following expressions will be evaluated in cache-and-track mode: (CBS,BW,BG)
[#1] INFO:Minization --  The following expressions will be evaluated in cache-and-track mode: (CBS,BW,BG)
 **********
 **   19 **SET PRINT           1
 **********
 **********
 **   20 **SET NOGRAD
 **********
 PARAMETER DEFINITIONS:
    NO.   NAME         VALUE      STEP SIZE      LIMITS
     1 a            0.00000e+00  4.00000e+00   -2.00000e+01  2.00000e+01
     2 alpha        3.30000e+00  5.00000e-01    0.00000e+00  5.00000e+00
     3 mean         9.11976e+01  2.00000e+00    8.00000e+01  1.00000e+02
     4 n            5.10000e+00  2.00000e+00    0.00000e+00  2.00000e+01
     5 n_back       7.24620e+04  1.84650e+03    0.00000e+00  7.61550e+04
     6 n_back_pass   7.24620e+04  5.28000e+02    0.00000e+00  7.35180e+04
     7 n_signal_total   1.05600e+03  5.28000e+02    0.00000e+00  7.61550e+04
     8 n_signal_total_pass   1.05600e+03  5.28000e+02    0.00000e+00  7.35180e+04
     9 sigma        4.12000e+00  2.01000e+00    1.00000e-01  1.00000e+02
    10 sigma_cb     2.00000e+00  5.00000e-01    1.00000e+00  4.00000e+01
 **********
 **   21 **SET ERR         0.5
 **********
 **********
 **   22 **SET PRINT           1
 **********
 **********
 **   23 **SET STR           1
 **********
 NOW USING STRATEGY  1: TRY TO BALANCE SPEED AGAINST RELIABILITY
 **********
 **   24 **MIGRAD        5000           1
 **********
 FIRST CALL TO USER FUNCTION AT NEW START POINT, WITH IFLAG=4.
 START MIGRAD MINIMIZATION.  STRATEGY  1.  CONVERGENCE WHEN EDM .LT. 1.00e-03
 FCN=-973046 FROM MIGRAD    STATUS=INITIATE      291 CALLS         292 TOTAL
                     EDM= unknown      STRATEGY= 1      NO ERROR MATRIX       
  EXT PARAMETER               CURRENT GUESS       STEP         FIRST   
  NO.   NAME      VALUE            ERROR          SIZE      DERIVATIVE 
   1  a            0.00000e+00   4.00000e+00   0.00000e+00   2.26619e+06
   2  alpha        9.93257e-01   5.00000e-01   0.00000e+00   3.00976e+03
   3  mean         9.11976e+01   2.00000e+00   0.00000e+00   7.96617e+04
   4  n            1.61283e+00   2.00000e+00  -1.63458e+00  -7.94792e+02
   5  n_back       2.05772e+04   1.84650e+03   0.00000e+00   4.84451e+03
   6  n_back_pass   6.48123e+03   5.28000e+02   0.00000e+00  -5.55079e+03
   7  n_signal_total   4.66838e+04   5.28000e+02   0.00000e+00  -9.40888e+03
   8  n_signal_total_pass   4.57924e+04   5.28000e+02   0.00000e+00  -1.51877e+04
   9  sigma        4.12000e+00   2.01000e+00   0.00000e+00   1.64260e+04
  10  sigma_cb     2.00000e+00   5.00000e-01   0.00000e+00   1.01023e+04
                               ERR DEF= 0.5
 MIGRAD FAILS TO FIND IMPROVEMENT
 MIGRAD MINIMIZATION HAS CONVERGED.
 MIGRAD WILL VERIFY CONVERGENCE AND ERROR MATRIX.
 COVARIANCE MATRIX CALCULATED SUCCESSFULLY
 FCN=-985703 FROM HESSE     STATUS=OK            102 CALLS        1285 TOTAL
                     EDM=0.000973694    STRATEGY= 1      ERROR MATRIX ACCURATE 
  EXT PARAMETER                                   STEP         FIRST   
  NO.   NAME      VALUE            ERROR          SIZE      DERIVATIVE 
   1  a           -1.17784e-01   1.18896e-02   1.75313e-04   6.23685e+00
   2  alpha        9.97948e-01   2.23366e-02   2.45818e-03  -1.12445e+00
   3  mean         9.06902e+01   8.69204e-03   5.35661e-04   4.70118e+00
   4  n            9.58979e-01   6.39640e-02   2.05745e-03   2.02252e-01
   5  n_back       2.58331e+03   3.93636e+02   5.49982e-03  -4.65108e-01
   6  n_back_pass   2.20776e+03   3.58833e+02   5.82300e-03   6.37114e-01
   7  n_signal_total   7.35747e+04   4.69466e+02   1.36828e-02   5.86432e-01
   8  n_signal_total_pass   7.13163e+04   4.39203e+02   1.48051e-02   1.04335e+00
