
Processing efficiency.cpp...

[1mRooFit v3.60 -- Developed by Wouter Verkerke and David Kirkby[0m 
                Copyright (C) 2000-2013 NIKHEF, University of California & Stanford University
                All rights reserved, please read http://roofit.sourceforge.net/license.txt

"results/bins_fit/trackerMuon/Pt/" directory OK
[#1] INFO:InputArguments -- The formula PPTM_cond claims to use the variables (ProbeMuon_Pt,ProbeMuon_Eta,ProbeMuon_Phi) but only (ProbeMuon_Pt) seem to be in use.
  inputs:         ProbeMuon_Pt>=15.000000 && ProbeMuon_Pt< 20.000000
[#1] INFO:DataHandling -- RooAbsCategory::attachToTree(PassingProbeTrackingMuon) TTree branch PassingProbeTrackingMuon will be interpreted as category index
[#1] INFO:DataHandling -- RooTreeDataStore::loadValues(DATA) Skipping event #1 because ProbeMuon_Pt cannot accommodate the value 8.94856
[#1] INFO:DataHandling -- RooTreeDataStore::loadValues(DATA) Skipping event #4 because InvariantMass cannot accommodate the value 60.6086
[#1] INFO:DataHandling -- RooTreeDataStore::loadValues(DATA) Skipping event #7 because InvariantMass cannot accommodate the value 68.1354
[#1] INFO:DataHandling -- RooTreeDataStore::loadValues(DATA) Skipping event #9 because InvariantMass cannot accommodate the value 64.0556
[#1] INFO:DataHandling -- RooTreeDataStore::loadValues(DATA) Skipping ...
[#0] WARNING:DataHandling -- RooTreeDataStore::loadValues(DATA) Ignored 71424 out-of-range events
[#1] INFO:InputArguments -- RooDataHist::importDHistSet(combData) defining state "ALL" in index category sample
[#1] INFO:Minization -- p.d.f. provides expected number of events, including extended term in likelihood.
[#1] INFO:Minization -- RooMinimizer::optimizeConst: activating const optimization
RooAbsTestStatistic::initSimMode: creating slave calculator #0 for state ALL (100 dataset entries)
RooAbsTestStatistic::initSimMode: creating slave calculator #1 for state PASSING (100 dataset entries)
[#1] INFO:Fitting -- RooAbsTestStatistic::initSimMode: created 2 slave calculators.
[#1] INFO:Minization --  The following expressions will be evaluated in cache-and-track mode: (CBS,BW,BG)
[#1] INFO:Minization --  The following expressions will be evaluated in cache-and-track mode: (CBS,BW,BG)
 **********
 **    1 **SET PRINT           1
 **********
 **********
 **    2 **SET NOGRAD
 **********
 PARAMETER DEFINITIONS:
    NO.   NAME         VALUE      STEP SIZE      LIMITS
     1 a            0.00000e+00  4.00000e+00   -2.00000e+01  2.00000e+01
     2 alpha        3.30000e+00  5.00000e-01    0.00000e+00  5.00000e+00
     3 mean         9.11976e+01  2.00000e+00    8.00000e+01  1.00000e+02
     4 n            5.10000e+00  1.00000e+00    0.00000e+00  1.00000e+01
     5 n_back       1.00000e+04  1.88380e+03    0.00000e+00  1.88380e+04
     6 n_back_pass   1.00000e+04  1.82540e+03    0.00000e+00  1.82540e+04
     7 n_signal_total   1.88380e+04  1.88380e+03    0.00000e+00  1.88380e+04
 MINUIT WARNING IN PARAM DEF
 ============== STARTING VALUE IS AT LIMIT.
 MINUIT WARNING IN PARAMETR
 ============== VARIABLE7 IS AT ITS UPPER ALLOWED LIMIT.
 MINUIT WARNING IN PARAMETR
 ============== VARIABLE7 BROUGHT BACK INSIDE LIMITS.
     8 n_signal_total_pass   1.82540e+04  1.82540e+03    0.00000e+00  1.82540e+04
 MINUIT WARNING IN PARAM DEF
 ============== STARTING VALUE IS AT LIMIT.
 MINUIT WARNING IN PARAMETR
 ============== VARIABLE8 IS AT ITS UPPER ALLOWED LIMIT.
 MINUIT WARNING IN PARAMETR
 ============== VARIABLE8 BROUGHT BACK INSIDE LIMITS.
     9 sigma        4.12000e+00  2.01000e+00    1.00000e-01  1.00000e+02
    10 sigma_cb     2.00000e+00  5.00000e-01    1.00000e+00  4.00000e+01
 **********
 **    3 **SET ERR         0.5
 **********
 **********
 **    4 **SET PRINT           1
 **********
 **********
 **    5 **SET STR           1
 **********
 NOW USING STRATEGY  1: TRY TO BALANCE SPEED AGAINST RELIABILITY
 **********
 **    6 **MIGRAD        5000           1
 **********
 FIRST CALL TO USER FUNCTION AT NEW START POINT, WITH IFLAG=4.
 MINUIT WARNING IN MIGrad    
 ============== VARIABLE7 IS AT ITS UPPER ALLOWED LIMIT.
 MINUIT WARNING IN MIGrad    
 ============== VARIABLE8 IS AT ITS UPPER ALLOWED LIMIT.
 START MIGRAD MINIMIZATION.  STRATEGY  1.  CONVERGENCE WHEN EDM .LT. 1.00e-03
 FCN=-184735 FROM MIGRAD    STATUS=INITIATE      140 CALLS         141 TOTAL
                     EDM= unknown      STRATEGY= 1      NO ERROR MATRIX       
  EXT PARAMETER               CURRENT GUESS       STEP         FIRST   
  NO.   NAME      VALUE            ERROR          SIZE      DERIVATIVE 
   1  a            0.00000e+00   4.00000e+00   0.00000e+00   1.11929e+06
   2  alpha        7.94772e-01   5.00000e-01   0.00000e+00  -1.10743e+03
   3  mean         9.11976e+01   2.00000e+00   0.00000e+00   1.60694e+04
   4  n            5.10000e+00   1.00000e+00   0.00000e+00  -1.70064e+02
   5  n_back       1.00000e+04   1.88380e+03   0.00000e+00   3.19419e+03
   6  n_back_pass   1.00000e+04   1.82540e+03   0.00000e+00   3.40171e+03
   7  n_signal_total   1.22644e+04   1.88380e+03   0.00000e+00   2.09528e+01
   8  n_signal_total_pass   1.21274e+04   1.82540e+03  -1.23388e+00   9.17058e+01
   9  sigma        4.12000e+00   2.01000e+00   0.00000e+00   6.42487e+03
  10  sigma_cb     2.00000e+00   5.00000e-01   0.00000e+00   4.82569e+03
                               ERR DEF= 0.5
 MIGRAD MINIMIZATION HAS CONVERGED.
 MIGRAD WILL VERIFY CONVERGENCE AND ERROR MATRIX.
 COVARIANCE MATRIX CALCULATED SUCCESSFULLY
 FCN=-189462 FROM MIGRAD    STATUS=CONVERGED     836 CALLS         837 TOTAL
                     EDM=0.000307738    STRATEGY= 1      ERROR MATRIX ACCURATE 
  EXT PARAMETER                                   STEP         FIRST   
  NO.   NAME      VALUE            ERROR          SIZE      DERIVATIVE 
   1  a           -8.21956e-02   6.74564e-03   4.83056e-05   1.04053e+01
   2  alpha        1.12294e+00   5.54093e-02   2.54823e-03   9.40849e-02
   3  mean         9.05998e+01   1.97650e-02   5.10728e-04   2.62319e+00
   4  n            1.02609e+00   1.71422e-01   3.51302e-03   2.91948e-02
   5  n_back       2.05477e+03   2.29024e+02   3.79478e-03   3.16293e-01
   6  n_back_pass   1.68400e+03   2.10107e+02   3.98088e-03  -2.06453e-01
   7  n_signal_total   1.67826e+04   2.58106e+02   6.91457e-03  -2.67133e-01
   8  n_signal_total_pass   1.65712e+04   2.41952e+02   7.60478e-03   3.99744e-01
   9  sigma        4.18804e+00   2.27303e-01   1.01312e-03   2.66954e-01
  10  sigma_cb     2.29444e+00   8.91192e-02   1.48021e-03  -3.25446e-01
                               ERR DEF= 0.5
 EXTERNAL ERROR MATRIX.    NDIM=  25    NPAR= 10    ERR DEF=0.5
  4.550e-05 -8.923e-05 -2.667e-05  3.008e-04  9.893e-01  8.290e-01 -9.829e-01 -8.232e-01 -1.146e-03  3.705e-04 
 -8.923e-05  3.071e-03 -2.050e-04 -7.897e-03 -6.377e+00 -5.985e+00  6.344e+00  5.952e+00  6.214e-03 -1.761e-03 
 -2.667e-05 -2.050e-04  3.907e-04  1.595e-04 -5.653e-01 -4.661e-01  5.615e-01  4.628e-01  8.870e-04 -5.878e-04 
  3.008e-04 -7.897e-03  1.595e-04  2.942e-02  3.018e+01  2.862e+01 -3.003e+01 -2.847e+01 -1.700e-02  5.088e-03 
  9.893e-01 -6.377e+00 -5.653e-01  3.018e+01  5.248e+04  4.204e+04 -5.014e+04 -4.179e+04 -3.286e+01  1.036e+01 
  8.290e-01 -5.985e+00 -4.661e-01  2.862e+01  4.204e+04  4.417e+04 -4.181e+04 -4.223e+04 -2.843e+01  8.928e+00 
 -9.829e-01  6.344e+00  5.615e-01 -3.003e+01 -5.014e+04 -4.181e+04  6.666e+04  4.157e+04  3.266e+01 -1.029e+01 
 -8.232e-01  5.952e+00  4.628e-01 -2.847e+01 -4.179e+04 -4.223e+04  4.157e+04  5.858e+04  2.824e+01 -8.870e+00 
 -1.146e-03  6.214e-03  8.870e-04 -1.700e-02 -3.286e+01 -2.843e+01  3.266e+01  2.824e+01  5.167e-02 -1.819e-02 
  3.705e-04 -1.761e-03 -5.878e-04  5.088e-03  1.036e+01  8.928e+00 -1.029e+01 -8.870e+00 -1.819e-02  7.943e-03 
 PARAMETER  CORRELATION COEFFICIENTS  
       NO.  GLOBAL      1      2      3      4      5      6      7      8      9     10
        1  0.87987   1.000 -0.239 -0.200  0.260  0.640  0.585 -0.564 -0.504 -0.748  0.616
        2  0.94780  -0.239  1.000 -0.187 -0.831 -0.502 -0.514  0.443  0.444  0.493 -0.357
        3  0.51411  -0.200 -0.187  1.000  0.047 -0.125 -0.112  0.110  0.097  0.197 -0.334
        4  0.97820   0.260 -0.831  0.047  1.000  0.768  0.794 -0.678 -0.686 -0.436  0.333
        5  0.94632   0.640 -0.502 -0.125  0.768  1.000  0.873 -0.848 -0.754 -0.631  0.507
        6  0.94316   0.585 -0.514 -0.112  0.794  0.873  1.000 -0.771 -0.830 -0.595  0.477
        7  0.85290  -0.564  0.443  0.110 -0.678 -0.848 -0.771  1.000  0.665  0.557 -0.447
        8  0.83477  -0.504  0.444  0.097 -0.686 -0.754 -0.830  0.665  1.000  0.513 -0.411
        9  0.95594  -0.748  0.493  0.197 -0.436 -0.631 -0.595  0.557  0.513  1.000 -0.898
       10  0.92289   0.616 -0.357 -0.334  0.333  0.507  0.477 -0.447 -0.411 -0.898  1.000
 **********
 **    7 **SET ERR         0.5
 **********
 **********
 **    8 **SET PRINT           1
 **********
 **********
 **    9 **HESSE        5000
 **********
 COVARIANCE MATRIX CALCULATED SUCCESSFULLY
 FCN=-189462 FROM HESSE     STATUS=OK             86 CALLS         923 TOTAL
                     EDM=0.000322648    STRATEGY= 1      ERROR MATRIX ACCURATE 
  EXT PARAMETER                                INTERNAL      INTERNAL  
  NO.   NAME      VALUE            ERROR       STEP SIZE       VALUE   
   1  a           -8.21956e-02   7.32505e-03   1.93222e-06  -4.10979e-03
   2  alpha        1.12294e+00   6.61107e-02   1.01929e-04  -5.83351e-01
   3  mean         9.05998e+01   1.97215e-02   1.02146e-04   6.00201e-02
   4  n            1.02609e+00   2.13060e-01   1.40521e-04  -9.18647e-01
   5  n_back       2.05477e+03   2.77517e+02   7.58956e-04  -8.97625e-01
   6  n_back_pass   1.68400e+03   2.54979e+02   1.59235e-04  -9.53579e-01
   7  n_signal_total   1.67826e+04   3.02732e+02   2.76583e-04   8.97514e-01
   8  n_signal_total_pass   1.65712e+04   2.82677e+02   3.04191e-04   9.53804e-01
   9  sigma        4.18804e+00   2.59509e-01   4.05248e-05  -1.16340e+00
  10  sigma_cb     2.29444e+00   9.81860e-02   5.92082e-05  -1.20438e+00
                               ERR DEF= 0.5
 EXTERNAL ERROR MATRIX.    NDIM=  25    NPAR= 10    ERR DEF=0.5
  5.366e-05 -1.879e-04 -2.837e-05  6.540e-04  1.435e+00  1.238e+00 -1.434e+00 -1.238e+00 -1.499e-03  4.858e-04 
 -1.879e-04  4.372e-03 -1.803e-04 -1.245e-02 -1.193e+01 -1.111e+01  1.192e+01  1.111e+01  1.068e-02 -3.248e-03 
 -2.837e-05 -1.803e-04  3.889e-04  8.608e-05 -6.497e-01 -5.428e-01  6.493e-01  5.429e-01  9.548e-04 -6.050e-04 
  6.540e-04 -1.245e-02  8.608e-05  4.547e-02  4.992e+01  4.684e+01 -4.990e+01 -4.685e+01 -3.252e-02  1.016e-02 
  1.435e+00 -1.193e+01 -6.497e-01  4.992e+01  7.707e+04  6.470e+04 -7.498e+04 -6.471e+04 -5.205e+01  1.658e+01 
  1.238e+00 -1.111e+01 -5.428e-01  4.684e+01  6.470e+04  6.506e+04 -6.467e+04 -6.339e+04 -4.608e+01  1.465e+01 
 -1.434e+00  1.192e+01  6.493e-01 -4.990e+01 -7.498e+04 -6.467e+04  9.173e+04  6.468e+04  5.202e+01 -1.657e+01 
 -1.238e+00  1.111e+01  5.429e-01 -4.685e+01 -6.471e+04 -6.339e+04  6.468e+04  7.998e+04  4.608e+01 -1.465e+01 
 -1.499e-03  1.068e-02  9.548e-04 -3.252e-02 -5.205e+01 -4.608e+01  5.202e+01  4.608e+01  6.735e-02 -2.336e-02 
  4.858e-04 -3.248e-03 -6.050e-04  1.016e-02  1.658e+01  1.465e+01 -1.657e+01 -1.465e+01 -2.336e-02  9.641e-03 
 PARAMETER  CORRELATION COEFFICIENTS  
       NO.  GLOBAL      1      2      3      4      5      6      7      8      9     10
        1  0.89916   1.000 -0.388 -0.196  0.419  0.705  0.663 -0.646 -0.598 -0.788  0.675
        2  0.96363  -0.388  1.000 -0.138 -0.883 -0.650 -0.659  0.595  0.594  0.622 -0.500
        3  0.51095  -0.196 -0.138  1.000  0.020 -0.119 -0.108  0.109  0.097  0.187 -0.312
        4  0.98595   0.419 -0.883  0.020  1.000  0.843  0.861 -0.773 -0.777 -0.588  0.485
        5  0.96377   0.705 -0.650 -0.119  0.843  1.000  0.914 -0.892 -0.824 -0.722  0.608
        6  0.96178   0.663 -0.659 -0.108  0.861  0.914  1.000 -0.837 -0.879 -0.696  0.585
        7  0.89550  -0.646  0.595  0.109 -0.773 -0.892 -0.837  1.000  0.755  0.662 -0.557
        8  0.88201  -0.598  0.594  0.097 -0.777 -0.824 -0.879  0.755  1.000  0.628 -0.528
        9  0.96637  -0.788  0.622  0.187 -0.588 -0.722 -0.696  0.662  0.628  1.000 -0.917
       10  0.93693   0.675 -0.500 -0.312  0.485  0.608  0.585 -0.557 -0.528 -0.917  1.000
[#1] INFO:Minization -- RooMinimizer::optimizeConst: deactivating const optimization
[#1] INFO:Plotting -- RooAbsPdf::plotOn(model) directly selected PDF components: (signal)
[#1] INFO:Plotting -- RooAbsPdf::plotOn(model) indirectly selected PDF components: (CBS,BW)
[#1] INFO:Plotting -- RooAbsPdf::plotOn(model) directly selected PDF components: (BG)
[#1] INFO:Plotting -- RooAbsPdf::plotOn(model) indirectly selected PDF components: ()
[#0] ERROR:Plotting -- RooAbsPdf::plotOn(model) ERROR: component selection expression 'VT' does not select any components of p.d.f.
[#0] ERROR:Plotting -- RooAbsPdf::plotOn(model) ERROR: component selection expression 'VT2' does not select any components of p.d.f.
[#1] INFO:Plotting -- RooAbsPdf::plotOn(model) directly selected PDF components: (CBS)
[#1] INFO:Plotting -- RooAbsPdf::plotOn(model) indirectly selected PDF components: (signal)
[#1] INFO:Plotting -- RooAbsPdf::plotOn(model) directly selected PDF components: (BW)
[#1] INFO:Plotting -- RooAbsPdf::plotOn(model) indirectly selected PDF components: (signal)
[#1] INFO:Plotting -- RooAbsPdf::plotOn(model_pass) directly selected PDF components: (signal)
[#1] INFO:Plotting -- RooAbsPdf::plotOn(model_pass) indirectly selected PDF components: (CBS,BW)
[#1] INFO:Plotting -- RooAbsPdf::plotOn(model_pass) directly selected PDF components: (BG)
[#1] INFO:Plotting -- RooAbsPdf::plotOn(model_pass) indirectly selected PDF components: ()
[#0] ERROR:Plotting -- RooAbsPdf::plotOn(model_pass) ERROR: component selection expression 'VT' does not select any components of p.d.f.
[#0] ERROR:Plotting -- RooAbsPdf::plotOn(model_pass) ERROR: component selection expression 'VT2' does not select any components of p.d.f.
[#1] INFO:Plotting -- RooAbsPdf::plotOn(model_pass) directly selected PDF components: (CBS)
[#1] INFO:Plotting -- RooAbsPdf::plotOn(model_pass) indirectly selected PDF components: (signal)
[#1] INFO:Plotting -- RooAbsPdf::plotOn(model_pass) directly selected PDF components: (BW)
[#1] INFO:Plotting -- RooAbsPdf::plotOn(model_pass) indirectly selected PDF components: (signal)
[#1] INFO:InputArguments -- The formula PPTM_cond claims to use the variables (ProbeMuon_Pt,ProbeMuon_Eta,ProbeMuon_Phi) but only (ProbeMuon_Pt) seem to be in use.
  inputs:         ProbeMuon_Pt>=20.000000 && ProbeMuon_Pt< 25.000000
[#1] INFO:DataHandling -- RooAbsCategory::attachToTree(PassingProbeTrackingMuon) TTree branch PassingProbeTrackingMuon will be interpreted as category index
[#1] INFO:DataHandling -- RooTreeDataStore::loadValues(DATA) Skipping event #1 because ProbeMuon_Pt cannot accommodate the value 8.94856
[#1] INFO:DataHandling -- RooTreeDataStore::loadValues(DATA) Skipping event #4 because InvariantMass cannot accommodate the value 60.6086
[#1] INFO:DataHandling -- RooTreeDataStore::loadValues(DATA) Skipping event #7 because InvariantMass cannot accommodate the value 68.1354
[#1] INFO:DataHandling -- RooTreeDataStore::loadValues(DATA) Skipping event #9 because InvariantMass cannot accommodate the value 64.0556
[#1] INFO:DataHandling -- RooTreeDataStore::loadValues(DATA) Skipping ...
[#0] WARNING:DataHandling -- RooTreeDataStore::loadValues(DATA) Ignored 71424 out-of-range events
[#1] INFO:InputArguments -- RooDataHist::importDHistSet(combData) defining state "ALL" in index category sample
[#1] INFO:Minization -- p.d.f. provides expected number of events, including extended term in likelihood.
[#1] INFO:Minization -- RooMinimizer::optimizeConst: activating const optimization
RooAbsTestStatistic::initSimMode: creating slave calculator #0 for state ALL (100 dataset entries)
RooAbsTestStatistic::initSimMode: creating slave calculator #1 for state PASSING (100 dataset entries)
[#1] INFO:Fitting -- RooAbsTestStatistic::initSimMode: created 2 slave calculators.
[#1] INFO:Minization --  The following expressions will be evaluated in cache-and-track mode: (CBS,BW,BG)
[#1] INFO:Minization --  The following expressions will be evaluated in cache-and-track mode: (CBS,BW,BG)
 **********
 **   10 **SET PRINT           1
 **********
 **********
 **   11 **SET NOGRAD
 **********
 PARAMETER DEFINITIONS:
    NO.   NAME         VALUE      STEP SIZE      LIMITS
     1 a            0.00000e+00  4.00000e+00   -2.00000e+01  2.00000e+01
     2 alpha        3.30000e+00  5.00000e-01    0.00000e+00  5.00000e+00
     3 mean         9.11976e+01  2.00000e+00    8.00000e+01  1.00000e+02
     4 n            5.10000e+00  1.00000e+00    0.00000e+00  1.00000e+01
     5 n_back       1.00000e+04  4.09040e+03    0.00000e+00  4.09040e+04
     6 n_back_pass   1.00000e+04  4.02240e+03    0.00000e+00  4.02240e+04
     7 n_signal_total   4.09040e+04  4.09040e+03    0.00000e+00  4.09040e+04
 MINUIT WARNING IN PARAM DEF
 ============== STARTING VALUE IS AT LIMIT.
 MINUIT WARNING IN PARAMETR
 ============== VARIABLE7 IS AT ITS UPPER ALLOWED LIMIT.
 MINUIT WARNING IN PARAMETR
 ============== VARIABLE7 BROUGHT BACK INSIDE LIMITS.
     8 n_signal_total_pass   4.02240e+04  4.02240e+03    0.00000e+00  4.02240e+04
 MINUIT WARNING IN PARAM DEF
 ============== STARTING VALUE IS AT LIMIT.
 MINUIT WARNING IN PARAMETR
 ============== VARIABLE8 IS AT ITS UPPER ALLOWED LIMIT.
 MINUIT WARNING IN PARAMETR
 ============== VARIABLE8 BROUGHT BACK INSIDE LIMITS.
     9 sigma        4.12000e+00  2.01000e+00    1.00000e-01  1.00000e+02
    10 sigma_cb     2.00000e+00  5.00000e-01    1.00000e+00  4.00000e+01
 **********
 **   12 **SET ERR         0.5
 **********
 **********
 **   13 **SET PRINT           1
 **********
 **********
 **   14 **SET STR           1
 **********
 NOW USING STRATEGY  1: TRY TO BALANCE SPEED AGAINST RELIABILITY
 **********
 **   15 **MIGRAD        5000           1
 **********
 FIRST CALL TO USER FUNCTION AT NEW START POINT, WITH IFLAG=4.
 MINUIT WARNING IN MIGrad    
 ============== VARIABLE7 IS AT ITS UPPER ALLOWED LIMIT.
 MINUIT WARNING IN MIGrad    
 ============== VARIABLE8 IS AT ITS UPPER ALLOWED LIMIT.
 START MIGRAD MINIMIZATION.  STRATEGY  1.  CONVERGENCE WHEN EDM .LT. 1.00e-03
 FCN=-477996 FROM MIGRAD    STATUS=INITIATE      173 CALLS         174 TOTAL
                     EDM= unknown      STRATEGY= 1      NO ERROR MATRIX       
  EXT PARAMETER               CURRENT GUESS       STEP         FIRST   
  NO.   NAME      VALUE            ERROR          SIZE      DERIVATIVE 
   1  a            0.00000e+00   4.00000e+00   0.00000e+00   1.37909e+06
   2  alpha        7.10782e-01   5.00000e-01   0.00000e+00  -1.08930e+03
   3  mean         9.11976e+01   2.00000e+00   0.00000e+00   3.62923e+04
   4  n            2.22160e+00   1.00000e+00   0.00000e+00  -5.44206e+02
   5  n_back       1.00000e+04   4.09040e+03   0.00000e+00   4.19433e+03
   6  n_back_pass   1.00000e+04   4.02240e+03   0.00000e+00   4.53091e+03
   7  n_signal_total   3.32630e+04   4.09040e+03   0.00000e+00  -1.30503e+01
   8  n_signal_total_pass   3.28568e+04   4.02240e+03  -8.82525e-01   1.24788e+01
   9  sigma        4.12000e+00   2.01000e+00   0.00000e+00   1.25037e+04
  10  sigma_cb     2.00000e+00   5.00000e-01   0.00000e+00   7.67722e+03
                               ERR DEF= 0.5
 MIGRAD FAILS TO FIND IMPROVEMENT
 MIGRAD MINIMIZATION HAS CONVERGED.
 MIGRAD WILL VERIFY CONVERGENCE AND ERROR MATRIX.
 COVARIANCE MATRIX CALCULATED SUCCESSFULLY
 FCN=-482439 FROM HESSE     STATUS=OK            100 CALLS         896 TOTAL
                     EDM=0.000509996    STRATEGY= 1      ERROR MATRIX ACCURATE 
  EXT PARAMETER                                   STEP         FIRST   
  NO.   NAME      VALUE            ERROR          SIZE      DERIVATIVE 
   1  a           -1.12587e-01   1.33344e-02   1.31029e-04  -4.83577e+00
   2  alpha        1.14701e+00   3.13975e-02   2.35096e-03  -1.19514e+00
   3  mean         9.06408e+01   1.19586e-02   5.20464e-04   2.94399e+00
   4  n            7.31289e-01   7.06602e-02   2.59157e-03  -9.21882e-01
   5  n_back       1.91872e+03   3.34036e+02   4.90769e-03   1.19564e-01
   6  n_back_pass   1.62816e+03   3.05176e+02   5.17465e-03   2.49742e-01
   7  n_signal_total   3.89859e+04   3.81697e+02   1.11908e-02   1.40603e-01
   8  n_signal_total_pass   3.85970e+04   3.56852e+02   1.21161e-02   2.29554e-01
   9  sigma        4.03429e+00   8.94369e-02   9.95927e-04   7.42108e+00
  10  sigma_cb     2.24468e+00   3.90558e-02   1.53063e-03   3.41815e+00
                               ERR DEF= 0.5
 MIGRAD MINIMIZATION HAS CONVERGED.
 FCN=-482439 FROM MIGRAD    STATUS=CONVERGED     917 CALLS         918 TOTAL
                     EDM=2.70736e-05    STRATEGY= 1  ERROR MATRIX UNCERTAINTY   0.5 per cent
  EXT PARAMETER                                   STEP         FIRST   
  NO.   NAME      VALUE            ERROR          SIZE      DERIVATIVE 
   1  a           -1.12207e-01   1.28515e-02   1.89791e-05   4.60043e+00
   2  alpha        1.14658e+00   3.19032e-02  -2.02928e-04   1.17923e-01
   3  mean         9.06408e+01   1.19491e-02  -4.00283e-06  -5.76473e-01
   4  n            7.33025e-01   7.28771e-02   6.66352e-04  -6.78169e-02
   5  n_back       1.92885e+03   3.34816e+02   1.16991e-03  -3.66053e-03
   6  n_back_pass   1.63724e+03   3.06659e+02   1.14305e-03  -1.79281e-02
   7  n_signal_total   3.89752e+04   3.82085e+02  -1.24251e-03  -3.35556e-02
   8  n_signal_total_pass   3.85867e+04   3.57610e+02  -1.29674e-03  -5.35451e-02
   9  sigma        4.03195e+00   8.79516e-02  -1.20569e-04  -1.43910e+00
  10  sigma_cb     2.24516e+00   3.88995e-02   6.89715e-05  -6.49319e-01
                               ERR DEF= 0.5
 EXTERNAL ERROR MATRIX.    NDIM=  25    NPAR= 10    ERR DEF=0.5
  1.652e-04 -9.987e-05 -8.692e-06  4.780e-04  3.484e+00  3.073e+00 -3.414e+00 -2.990e+00 -6.208e-04  1.700e-04 
 -9.987e-05  1.018e-03 -6.255e-05 -1.856e-03 -4.681e+00 -4.391e+00  4.645e+00  4.371e+00  1.443e-03 -4.441e-04 
 -8.692e-06 -6.255e-05  1.428e-04  3.669e-05 -1.645e-01 -1.425e-01  1.591e-01  1.351e-01  5.265e-05 -1.120e-04 
  4.780e-04 -1.856e-03  3.669e-05  5.312e-03  1.982e+01  1.846e+01 -1.960e+01 -1.826e+01 -2.815e-03  8.122e-04 
  3.484e+00 -4.681e+00 -1.645e-01  1.982e+01  1.122e+05  9.401e+04 -1.085e+05 -9.226e+04 -1.426e+01  3.943e+00 
  3.073e+00 -4.391e+00 -1.425e-01  1.846e+01  9.401e+04  9.409e+04 -9.258e+04 -9.081e+04 -1.265e+01  3.503e+00 
 -3.414e+00  4.645e+00  1.591e-01 -1.960e+01 -1.085e+05 -9.258e+04  1.461e+05  9.080e+04  1.397e+01 -3.868e+00 
 -2.990e+00  4.371e+00  1.351e-01 -1.826e+01 -9.226e+04 -9.081e+04  9.080e+04  1.280e+05  1.230e+01 -3.414e+00 
 -6.208e-04  1.443e-03  5.265e-05 -2.815e-03 -1.426e+01 -1.265e+01  1.397e+01  1.230e+01  7.736e-03 -2.712e-03 
  1.700e-04 -4.441e-04 -1.120e-04  8.122e-04  3.943e+00  3.503e+00 -3.868e+00 -3.414e+00 -2.712e-03  1.513e-03 
 PARAMETER  CORRELATION COEFFICIENTS  
       NO.  GLOBAL      1      2      3      4      5      6      7      8      9     10
        1  0.90664   1.000 -0.244 -0.057  0.510  0.809  0.780 -0.695 -0.650 -0.549  0.340
        2  0.94614  -0.244  1.000 -0.164 -0.798 -0.438 -0.449  0.381  0.383  0.514 -0.358
        3  0.42276  -0.057 -0.164  1.000  0.042 -0.041 -0.039  0.035  0.032  0.050 -0.241
        4  0.98097   0.510 -0.798  0.042  1.000  0.812  0.826 -0.704 -0.700 -0.439  0.286
        5  0.96429   0.809 -0.438 -0.041  0.812  1.000  0.915 -0.848 -0.770 -0.484  0.303
        6  0.96011   0.780 -0.449 -0.039  0.826  0.915  1.000 -0.790 -0.828 -0.469  0.294
        7  0.84950  -0.695  0.381  0.035 -0.704 -0.848 -0.790  1.000  0.664  0.415 -0.260
        8  0.82899  -0.650  0.383  0.032 -0.700 -0.770 -0.828  0.664  1.000  0.391 -0.245
        9  0.88924  -0.549  0.514  0.050 -0.439 -0.484 -0.469  0.415  0.391  1.000 -0.793
       10  0.82724   0.340 -0.358 -0.241  0.286  0.303  0.294 -0.260 -0.245 -0.793  1.000
 **********
 **   16 **SET ERR         0.5
 **********
 **********
 **   17 **SET PRINT           1
 **********
 **********
 **   18 **HESSE        5000
 **********
 COVARIANCE MATRIX CALCULATED SUCCESSFULLY
 FCN=-482439 FROM HESSE     STATUS=OK            106 CALLS        1024 TOTAL
                     EDM=1.87849e-05    STRATEGY= 1      ERROR MATRIX ACCURATE 
  EXT PARAMETER                                INTERNAL      INTERNAL  
  NO.   NAME      VALUE            ERROR       STEP SIZE       VALUE   
   1  a           -1.12207e-01   1.34211e-02   5.24117e-05  -5.61038e-03
   2  alpha        1.14658e+00   3.21966e-02   2.35196e-03  -5.72062e-01
   3  mean         9.06408e+01   1.19490e-02   5.20527e-04   6.41202e-02
   4  n            7.33025e-01   7.44819e-02   1.03663e-03  -1.02246e+00
   5  n_back       1.92885e+03   3.49069e+02   1.96308e-03  -1.13300e+00
   6  n_back_pass   1.63724e+03   3.19366e+02   2.06986e-03  -1.16451e+00
   7  n_signal_total   3.89752e+04   3.96952e+02   4.47634e-03   1.13301e+00
   8  n_signal_total_pass   3.85867e+04   3.71056e+02   4.84644e-03   1.16450e+00
   9  sigma        4.03195e+00   9.00285e-02   9.96424e-04  -1.17137e+00
  10  sigma_cb     2.24516e+00   3.91704e-02   6.12252e-04  -1.21150e+00
                               ERR DEF= 0.5
 EXTERNAL ERROR MATRIX.    NDIM=  25    NPAR= 10    ERR DEF=0.5
  1.801e-04 -1.074e-04 -9.851e-06  5.302e-04  3.866e+00  3.417e+00 -3.844e+00 -3.395e+00 -6.952e-04  1.862e-04 
 -1.074e-04  1.037e-03 -6.399e-05 -1.910e-03 -4.917e+00 -4.611e+00  4.892e+00  4.584e+00  1.463e-03 -4.579e-04 
 -9.851e-06 -6.399e-05  1.428e-04  3.802e-05 -1.807e-01 -1.561e-01  1.796e-01  1.551e-01  5.734e-05 -1.119e-04 
  5.302e-04 -1.910e-03  3.802e-05  5.549e-03  2.123e+01  1.974e+01 -2.112e+01 -1.962e+01 -2.988e-03  8.707e-04 
  3.866e+00 -4.917e+00 -1.807e-01  2.123e+01  1.219e+05  1.028e+05 -1.193e+05 -1.022e+05 -1.587e+01  4.339e+00 
  3.417e+00 -4.611e+00 -1.561e-01  1.974e+01  1.028e+05  1.020e+05 -1.023e+05 -9.980e+04 -1.408e+01  3.859e+00 
 -3.844e+00  4.892e+00  1.796e-01 -2.112e+01 -1.193e+05 -1.023e+05  1.577e+05  1.016e+05  1.578e+01 -4.315e+00 
 -3.395e+00  4.584e+00  1.551e-01 -1.962e+01 -1.022e+05 -9.980e+04  1.016e+05  1.378e+05  1.399e+01 -3.834e+00 
 -6.952e-04  1.463e-03  5.734e-05 -2.988e-03 -1.587e+01 -1.408e+01  1.578e+01  1.399e+01  8.105e-03 -2.801e-03 
  1.862e-04 -4.579e-04 -1.119e-04  8.707e-04  4.339e+00  3.859e+00 -4.315e+00 -3.834e+00 -2.801e-03  1.534e-03 
 PARAMETER  CORRELATION COEFFICIENTS  
       NO.  GLOBAL      1      2      3      4      5      6      7      8      9     10
        1  0.91570   1.000 -0.249 -0.061  0.530  0.825  0.797 -0.721 -0.681 -0.575  0.354
        2  0.94731  -0.249  1.000 -0.166 -0.796 -0.437 -0.448  0.383  0.384  0.505 -0.363
        3  0.42260  -0.061 -0.166  1.000  0.043 -0.043 -0.041  0.038  0.035  0.053 -0.239
        4  0.98187   0.530 -0.796  0.043  1.000  0.816  0.829 -0.714 -0.710 -0.446  0.298
        5  0.96726   0.825 -0.437 -0.043  0.816  1.000  0.922 -0.861 -0.788 -0.505  0.317
        6  0.96340   0.797 -0.448 -0.041  0.829  0.922  1.000 -0.806 -0.842 -0.490  0.308
        7  0.86211  -0.721  0.383  0.038 -0.714 -0.861 -0.806  1.000  0.689  0.441 -0.277
        8  0.84286  -0.681  0.384  0.035 -0.710 -0.788 -0.842  0.689  1.000  0.419 -0.264
        9  0.89393  -0.575  0.505  0.053 -0.446 -0.505 -0.490  0.441  0.419  1.000 -0.794
       10  0.82955   0.354 -0.363 -0.239  0.298  0.317  0.308 -0.277 -0.264 -0.794  1.000
[#1] INFO:Minization -- RooMinimizer::optimizeConst: deactivating const optimization
[#1] INFO:Plotting -- RooAbsPdf::plotOn(model) directly selected PDF components: (signal)
[#1] INFO:Plotting -- RooAbsPdf::plotOn(model) indirectly selected PDF components: (CBS,BW)
[#1] INFO:Plotting -- RooAbsPdf::plotOn(model) directly selected PDF components: (BG)
[#1] INFO:Plotting -- RooAbsPdf::plotOn(model) indirectly selected PDF components: ()
[#0] ERROR:Plotting -- RooAbsPdf::plotOn(model) ERROR: component selection expression 'VT' does not select any components of p.d.f.
[#0] ERROR:Plotting -- RooAbsPdf::plotOn(model) ERROR: component selection expression 'VT2' does not select any components of p.d.f.
[#1] INFO:Plotting -- RooAbsPdf::plotOn(model) directly selected PDF components: (CBS)
[#1] INFO:Plotting -- RooAbsPdf::plotOn(model) indirectly selected PDF components: (signal)
[#1] INFO:Plotting -- RooAbsPdf::plotOn(model) directly selected PDF components: (BW)
[#1] INFO:Plotting -- RooAbsPdf::plotOn(model) indirectly selected PDF components: (signal)
[#1] INFO:Plotting -- RooAbsPdf::plotOn(model_pass) directly selected PDF components: (signal)
[#1] INFO:Plotting -- RooAbsPdf::plotOn(model_pass) indirectly selected PDF components: (CBS,BW)
[#1] INFO:Plotting -- RooAbsPdf::plotOn(model_pass) directly selected PDF components: (BG)
[#1] INFO:Plotting -- RooAbsPdf::plotOn(model_pass) indirectly selected PDF components: ()
[#0] ERROR:Plotting -- RooAbsPdf::plotOn(model_pass) ERROR: component selection expression 'VT' does not select any components of p.d.f.
[#0] ERROR:Plotting -- RooAbsPdf::plotOn(model_pass) ERROR: component selection expression 'VT2' does not select any components of p.d.f.
[#1] INFO:Plotting -- RooAbsPdf::plotOn(model_pass) directly selected PDF components: (CBS)
[#1] INFO:Plotting -- RooAbsPdf::plotOn(model_pass) indirectly selected PDF components: (signal)
[#1] INFO:Plotting -- RooAbsPdf::plotOn(model_pass) directly selected PDF components: (BW)
[#1] INFO:Plotting -- RooAbsPdf::plotOn(model_pass) indirectly selected PDF components: (signal)
[#1] INFO:InputArguments -- The formula PPTM_cond claims to use the variables (ProbeMuon_Pt,ProbeMuon_Eta,ProbeMuon_Phi) but only (ProbeMuon_Pt) seem to be in use.
  inputs:         ProbeMuon_Pt>=25.000000 && ProbeMuon_Pt< 30.000000
[#1] INFO:DataHandling -- RooAbsCategory::attachToTree(PassingProbeTrackingMuon) TTree branch PassingProbeTrackingMuon will be interpreted as category index
[#1] INFO:DataHandling -- RooTreeDataStore::loadValues(DATA) Skipping event #1 because ProbeMuon_Pt cannot accommodate the value 8.94856
[#1] INFO:DataHandling -- RooTreeDataStore::loadValues(DATA) Skipping event #4 because InvariantMass cannot accommodate the value 60.6086
[#1] INFO:DataHandling -- RooTreeDataStore::loadValues(DATA) Skipping event #7 because InvariantMass cannot accommodate the value 68.1354
[#1] INFO:DataHandling -- RooTreeDataStore::loadValues(DATA) Skipping event #9 because InvariantMass cannot accommodate the value 64.0556
[#1] INFO:DataHandling -- RooTreeDataStore::loadValues(DATA) Skipping ...
[#0] WARNING:DataHandling -- RooTreeDataStore::loadValues(DATA) Ignored 71424 out-of-range events
[#1] INFO:InputArguments -- RooDataHist::importDHistSet(combData) defining state "ALL" in index category sample
[#1] INFO:Minization -- p.d.f. provides expected number of events, including extended term in likelihood.
[#1] INFO:Minization -- RooMinimizer::optimizeConst: activating const optimization
RooAbsTestStatistic::initSimMode: creating slave calculator #0 for state ALL (100 dataset entries)
RooAbsTestStatistic::initSimMode: creating slave calculator #1 for state PASSING (100 dataset entries)
[#1] INFO:Fitting -- RooAbsTestStatistic::initSimMode: created 2 slave calculators.
[#1] INFO:Minization --  The following expressions will be evaluated in cache-and-track mode: (CBS,BW,BG)
[#1] INFO:Minization --  The following expressions will be evaluated in cache-and-track mode: (CBS,BW,BG)
 **********
 **   19 **SET PRINT           1
 **********
 **********
 **   20 **SET NOGRAD
 **********
 PARAMETER DEFINITIONS:
    NO.   NAME         VALUE      STEP SIZE      LIMITS
     1 a            0.00000e+00  4.00000e+00   -2.00000e+01  2.00000e+01
     2 alpha        3.30000e+00  5.00000e-01    0.00000e+00  5.00000e+00
     3 mean         9.11976e+01  2.00000e+00    8.00000e+01  1.00000e+02
     4 n            5.10000e+00  1.00000e+00    0.00000e+00  1.00000e+01
     5 n_back       1.00000e+04  5.00000e+03    0.00000e+00  7.61550e+04
     6 n_back_pass   1.00000e+04  5.00000e+03    0.00000e+00  7.52140e+04
     7 n_signal_total   7.61550e+04  7.61550e+03    0.00000e+00  7.61550e+04
 MINUIT WARNING IN PARAM DEF
 ============== STARTING VALUE IS AT LIMIT.
 MINUIT WARNING IN PARAMETR
 ============== VARIABLE7 IS AT ITS UPPER ALLOWED LIMIT.
 MINUIT WARNING IN PARAMETR
 ============== VARIABLE7 BROUGHT BACK INSIDE LIMITS.
     8 n_signal_total_pass   7.52140e+04  7.52140e+03    0.00000e+00  7.52140e+04
 MINUIT WARNING IN PARAM DEF
 ============== STARTING VALUE IS AT LIMIT.
 MINUIT WARNING IN PARAMETR
 ============== VARIABLE8 IS AT ITS UPPER ALLOWED LIMIT.
 MINUIT WARNING IN PARAMETR
 ============== VARIABLE8 BROUGHT BACK INSIDE LIMITS.
     9 sigma        4.12000e+00  2.01000e+00    1.00000e-01  1.00000e+02
    10 sigma_cb     2.00000e+00  5.00000e-01    1.00000e+00  4.00000e+01
 **********
 **   21 **SET ERR         0.5
 **********
 **********
 **   22 **SET PRINT           1
 **********
 **********
 **   23 **SET STR           1
 **********
 NOW USING STRATEGY  1: TRY TO BALANCE SPEED AGAINST RELIABILITY
 **********
 **   24 **MIGRAD        5000           1
 **********
 FIRST CALL TO USER FUNCTION AT NEW START POINT, WITH IFLAG=4.
 MINUIT WARNING IN MIGrad    
 ============== VARIABLE7 IS AT ITS UPPER ALLOWED LIMIT.
 MINUIT WARNING IN MIGrad    
 ============== VARIABLE8 IS AT ITS UPPER ALLOWED LIMIT.
 START MIGRAD MINIMIZATION.  STRATEGY  1.  CONVERGENCE WHEN EDM .LT. 1.00e-03
 FCN=-993964 FROM MIGRAD    STATUS=INITIATE      164 CALLS         165 TOTAL
                     EDM= unknown      STRATEGY= 1      NO ERROR MATRIX       
  EXT PARAMETER               CURRENT GUESS       STEP         FIRST   
  NO.   NAME      VALUE            ERROR          SIZE      DERIVATIVE 
   1  a            0.00000e+00   4.00000e+00   0.00000e+00   1.30583e+06
   2  alpha        5.46980e-01   5.00000e-01   0.00000e+00   1.76796e+03
   3  mean         9.11976e+01   2.00000e+00   0.00000e+00   5.90545e+04
   4  n            2.57254e+00   1.00000e+00   0.00000e+00  -3.07487e+02
   5  n_back       1.00000e+04   5.00000e+03   0.00000e+00   4.54393e+03
   6  n_back_pass   1.00000e+04   5.00000e+03   0.00000e+00   5.24766e+03
   7  n_signal_total   6.63607e+04   7.61550e+03   0.00000e+00  -5.99968e+02
   8  n_signal_total_pass   6.72729e+04   7.52140e+03  -6.59923e-01   1.03147e+00
   9  sigma        4.12000e+00   2.01000e+00   0.00000e+00   2.34373e+04
  10  sigma_cb     2.00000e+00   5.00000e-01   0.00000e+00   1.38936e+04
                               ERR DEF= 0.5
 MIGRAD FAILS TO FIND IMPROVEMENT
 MIGRAD MINIMIZATION HAS CONVERGED.
 FCN=-998427 FROM MIGRAD    STATUS=CONVERGED    1083 CALLS        1084 TOTAL
                     EDM=0.000456771    STRATEGY= 1  ERROR MATRIX UNCERTAINTY   0.2 per cent
  EXT PARAMETER                                   STEP         FIRST   
  NO.   NAME      VALUE            ERROR          SIZE      DERIVATIVE 
   1  a           -1.17605e-01   1.03156e-02  -0.00000e+00   8.59247e+00
   2  alpha        1.00268e+00   2.18762e-02  -0.00000e+00   4.39528e-01
   3  mean         9.06927e+01   8.56902e-03   0.00000e+00   1.01953e+00
   4  n            9.48050e-01   6.00857e-02  -0.00000e+00  -5.06385e-01
   5  n_back       2.55635e+03   3.57015e+02  -0.00000e+00  -1.03765e+00
   6  n_back_pass   2.26518e+03   3.14122e+02  -0.00000e+00   1.19356e+00
   7  n_signal_total   7.35966e+04   4.52936e+02   0.00000e+00  -9.83645e-01
   8  n_signal_total_pass   7.29572e+04   3.46996e+02   0.00000e+00   7.61804e-01
   9  sigma        3.98802e+00   7.08013e-02   0.00000e+00   5.73483e-02
  10  sigma_cb     2.16312e+00   3.37367e-02  -0.00000e+00   1.71959e+00
                               ERR DEF= 0.5
 EXTERNAL ERROR MATRIX.    NDIM=  25    NPAR= 10    ERR DEF=0.5
  1.064e-04  6.109e-05 -8.046e-06  2.776e-04  2.800e+00  2.373e+00 -3.079e+00 -1.953e+00 -4.375e-04  1.551e-04 
  6.109e-05  4.786e-04  1.678e-05  1.104e-03  3.992e+00  3.288e+00 -4.260e+00 -2.827e+00 -1.017e-03  4.114e-04 
 -8.046e-06  1.678e-05  7.343e-05 -1.623e-05 -2.427e-01 -2.750e-01  2.350e-01  2.940e-01  4.753e-05 -7.162e-05 
  2.776e-04  1.104e-03 -1.623e-05  3.611e-03  1.732e+01  1.506e+01 -1.898e+01 -1.318e+01 -2.509e-03  1.056e-03 
  2.800e+00  3.992e+00 -2.427e-01  1.732e+01  1.275e+05  1.012e+05 -1.363e+05 -8.926e+04 -1.439e+01  5.480e+00 
  2.373e+00  3.288e+00 -2.750e-01  1.506e+01  1.012e+05  9.869e+04 -1.146e+05 -8.471e+04 -1.319e+01  5.124e+00 
 -3.079e+00 -4.260e+00  2.350e-01 -1.898e+01 -1.363e+05 -1.146e+05  2.052e+05  8.667e+04  1.425e+01 -5.289e+00 
 -1.953e+00 -2.827e+00  2.940e-01 -1.318e+01 -8.926e+04 -8.471e+04  8.667e+04  1.204e+05  1.249e+01 -4.788e+00 
 -4.375e-04 -1.017e-03  4.753e-05 -2.509e-03 -1.439e+01 -1.319e+01  1.425e+01  1.249e+01  5.013e-03 -2.033e-03 
  1.551e-04  4.114e-04 -7.162e-05  1.056e-03  5.480e+00  5.124e+00 -5.289e+00 -4.788e+00 -2.033e-03  1.138e-03 
 PARAMETER  CORRELATION COEFFICIENTS  
       NO.  GLOBAL      1      2      3      4      5      6      7      8      9     10
        1  0.88460   1.000  0.271 -0.091  0.448  0.760  0.732 -0.659 -0.546 -0.599  0.446
        2  0.95609   0.271  1.000  0.089  0.840  0.511  0.478 -0.430 -0.372 -0.657  0.557
        3  0.43551  -0.091  0.089  1.000 -0.032 -0.079 -0.102  0.061  0.099  0.078 -0.248
        4  0.97952   0.448  0.840 -0.032  1.000  0.807  0.798 -0.697 -0.632 -0.590  0.521
        5  0.95592   0.760  0.511 -0.079  0.807  1.000  0.903 -0.843 -0.720 -0.569  0.455
        6  0.95658   0.732  0.478 -0.102  0.798  0.903  1.000 -0.806 -0.777 -0.593  0.483
        7  0.86326  -0.659 -0.430  0.061 -0.697 -0.843 -0.806  1.000  0.551  0.444 -0.346
        8  0.80273  -0.546 -0.372  0.099 -0.632 -0.720 -0.777  0.551  1.000  0.508 -0.409
        9  0.93055  -0.599 -0.657  0.078 -0.590 -0.569 -0.593  0.444  0.508  1.000 -0.851
       10  0.88004   0.446  0.557 -0.248  0.521  0.455  0.483 -0.346 -0.409 -0.851  1.000
 **********
 **   25 **SET ERR         0.5
 **********
 **********
 **   26 **SET PRINT           1
 **********
 **********
 **   27 **HESSE        5000
 **********
 COVARIANCE MATRIX CALCULATED SUCCESSFULLY
 FCN=-998427 FROM HESSE     STATUS=OK            104 CALLS        1188 TOTAL
                     EDM=0.00426485    STRATEGY= 1      ERROR MATRIX ACCURATE 
  EXT PARAMETER                                INTERNAL      INTERNAL  
  NO.   NAME      VALUE            ERROR       STEP SIZE       VALUE   
   1  a           -1.17605e-01   1.24221e-02   1.76841e-04  -5.88030e-03
   2  alpha        1.00268e+00   2.27123e-02   2.45522e-03  -2.49943e+00
   3  mean         9.06927e+01   8.60817e-03   5.36055e-04   6.93282e-02
   4  n            9.48050e-01   6.54457e-02   2.95483e-03  -9.44817e-01
   5  n_back       2.55635e+03   4.13147e+02   5.56649e-03  -1.20228e+00
   6  n_back_pass   2.26518e+03   3.87818e+02   5.80331e-03  -1.22195e+00
   7  n_signal_total   7.35966e+04   4.84909e+02   1.38276e-02   1.20213e+00
   8  n_signal_total_pass   7.29572e+04   4.64187e+02   1.47205e-02   1.22260e+00
   9  sigma        3.98802e+00   7.10170e-02   1.03294e-03  -1.17363e+00
  10  sigma_cb     2.16312e+00   3.38922e-02   1.68789e-03  -1.22367e+00
                               ERR DEF= 0.5
 EXTERNAL ERROR MATRIX.    NDIM=  25    NPAR= 10    ERR DEF=0.5
  1.543e-04  9.003e-05 -7.796e-06  4.600e-04  4.232e+00  3.881e+00 -4.145e+00 -3.801e+00 -4.667e-04  1.579e-04 
  9.003e-05  5.159e-04  1.825e-05  1.217e-03  4.605e+00  4.376e+00 -4.516e+00 -4.292e+00 -9.935e-04  4.021e-04 
 -7.796e-06  1.825e-05  7.410e-05 -1.631e-05 -2.721e-01 -2.535e-01  2.667e-01  2.485e-01  5.157e-05 -7.313e-05 
  4.600e-04  1.217e-03 -1.631e-05  4.284e-03  2.245e+01  2.127e+01 -2.201e+01 -2.086e+01 -2.408e-03  9.988e-04 
  4.232e+00  4.605e+00 -2.721e-01  2.245e+01  1.707e+05  1.469e+05 -1.649e+05 -1.439e+05 -1.429e+01  5.278e+00 
