
Processing efficiency.cpp...

[1mRooFit v3.60 -- Developed by Wouter Verkerke and David Kirkby[0m 
                Copyright (C) 2000-2013 NIKHEF, University of California & Stanford University
                All rights reserved, please read http://roofit.sourceforge.net/license.txt

"results/bins_fit/trackerMuon/Pt/" directory OK
[#1] INFO:InputArguments -- The formula PPTM_cond claims to use the variables (ProbeMuon_Pt,ProbeMuon_Eta,ProbeMuon_Phi) but only (ProbeMuon_Pt) seem to be in use.
  inputs:         ProbeMuon_Pt>=15.000000 && ProbeMuon_Pt< 20.000000
[#1] INFO:DataHandling -- RooAbsCategory::attachToTree(PassingProbeTrackingMuon) TTree branch PassingProbeTrackingMuon will be interpreted as category index
[#1] INFO:DataHandling -- RooTreeDataStore::loadValues(DATA) Skipping event #1 because ProbeMuon_Pt cannot accommodate the value 8.94856
[#1] INFO:DataHandling -- RooTreeDataStore::loadValues(DATA) Skipping event #10 because ProbeMuon_Pt cannot accommodate the value 5.97093
[#1] INFO:DataHandling -- RooTreeDataStore::loadValues(DATA) Skipping event #11 because ProbeMuon_Eta cannot accommodate the value 2.42373
[#1] INFO:DataHandling -- RooTreeDataStore::loadValues(DATA) Skipping event #19 because ProbeMuon_Eta cannot accommodate the value -2.45118
[#1] INFO:DataHandling -- RooTreeDataStore::loadValues(DATA) Skipping ...
[#0] WARNING:DataHandling -- RooTreeDataStore::loadValues(DATA) Ignored 49821 out-of-range events
[#1] INFO:InputArguments -- The formula select claims to use the variables (InvariantMass,PassingProbeTrackingMuon,ProbeMuon_Pt,ProbeMuon_Eta,ProbeMuon_Phi) but only (InvariantMass) seem to be in use.
  inputs:         abs(InvariantMass-91.1976)<0.1
[#1] INFO:InputArguments -- The formula select claims to use the variables (InvariantMass,PassingProbeTrackingMuon,ProbeMuon_Pt,ProbeMuon_Eta,ProbeMuon_Phi) but only (InvariantMass) seem to be in use.
  inputs:         abs(InvariantMass-91.1976)<0.15&&abs(InvariantMass-91.1976)>.1
[#1] INFO:InputArguments -- RooDataHist::importDHistSet(combData) defining state "ALL" in index category sample
[#1] INFO:Minization -- p.d.f. provides expected number of events, including extended term in likelihood.
[#1] INFO:Minization -- RooMinimizer::optimizeConst: activating const optimization
RooAbsTestStatistic::initSimMode: creating slave calculator #0 for state ALL (100 dataset entries)
RooAbsTestStatistic::initSimMode: creating slave calculator #1 for state PASSING (100 dataset entries)
[#1] INFO:Fitting -- RooAbsTestStatistic::initSimMode: created 2 slave calculators.
[#1] INFO:Minization --  The following expressions will be evaluated in cache-and-track mode: (CBS,BW,BG)
[#1] INFO:Minization --  The following expressions will be evaluated in cache-and-track mode: (CBS,BW,BG)
 **********
 **    1 **SET PRINT           3
 **********
 **********
 **    2 **SET NOGRAD
 **********
 PARAMETER DEFINITIONS:
    NO.   NAME         VALUE      STEP SIZE      LIMITS
     1 a            0.00000e+00  4.00000e+00   -2.00000e+01  2.00000e+01
     2 alpha        3.30000e+00  5.00000e-01    0.00000e+00  5.00000e+00
     3 mean         9.11976e+01  2.00000e+00    8.00000e+01  1.00000e+02
     4 n            5.10000e+00  2.00000e+00    0.00000e+00  2.00000e+01
     5 n_back       2.08280e+04  5.79000e+02    0.00000e+00  2.19860e+04
     6 n_back_pass   2.08280e+04  1.01000e+02    0.00000e+00  2.10300e+04
     7 n_signal_total   2.02000e+02  1.01000e+02    0.00000e+00  2.19860e+04
     8 n_signal_total_pass   2.02000e+02  1.01000e+02    0.00000e+00  2.10300e+04
     9 sigma        4.12000e+00  2.01000e+00    1.00000e-01  1.00000e+02
    10 sigma_cb     2.00000e+00  5.00000e-01    1.00000e+00  4.00000e+01
 **********
 **    3 **SET ERR         0.5
 **********
 **********
 **    4 **SET PRINT           3
 **********
 **********
 **    5 **SET STR           1
 **********
 NOW USING STRATEGY  1: TRY TO BALANCE SPEED AGAINST RELIABILITY
 **********
 **    6 **MIGRAD        5000           1
 **********
 FIRST CALL TO USER FUNCTION AT NEW START POINT, WITH IFLAG=4.
 START MIGRAD MINIMIZATION.  STRATEGY  1.  CONVERGENCE WHEN EDM .LT. 1.00e-03
 FCN=-206103 FROM MIGRAD    STATUS=INITIATE      287 CALLS         288 TOTAL
                     EDM= unknown      STRATEGY= 1      NO ERROR MATRIX       
  EXT PARAMETER               CURRENT GUESS       STEP         FIRST   
  NO.   NAME      VALUE            ERROR          SIZE      DERIVATIVE 
   1  a            0.00000e+00   4.00000e+00   0.00000e+00   3.20685e+06
   2  alpha        9.57371e-01   5.00000e-01   0.00000e+00   7.86251e+01
   3  mean         9.11976e+01   2.00000e+00   0.00000e+00   1.83480e+04
   4  n            1.63927e+00   2.00000e+00  -4.77996e-01   5.59036e+01
   5  n_back       9.51158e+03   5.79000e+02   0.00000e+00   1.29874e+03
   6  n_back_pass   7.09424e+03   1.01000e+02   0.00000e+00   4.05787e+02
   7  n_signal_total   1.08132e+04   1.01000e+02   0.00000e+00  -2.84137e+03
   8  n_signal_total_pass   1.10940e+04   1.01000e+02   0.00000e+00  -2.96343e+03
   9  sigma        4.12000e+00   2.01000e+00   0.00000e+00   5.39214e+03
  10  sigma_cb     2.00000e+00   5.00000e-01   0.00000e+00   2.63316e+03
                               ERR DEF= 0.5
NO ERROR MATRIX       
 FCN=-210733 FROM MIGRAD    STATUS=PROGRESS      317 CALLS         318 TOTAL
                     EDM=5116.06    STRATEGY= 1      NO ERROR MATRIX       
  EXT PARAMETER               CURRENT GUESS       STEP         FIRST   
  NO.   NAME      VALUE            ERROR          SIZE      DERIVATIVE 
   1  a           -3.68455e-02   4.00000e+00  -1.84227e-03   4.93236e+05
   2  alpha        9.38721e-01   5.00000e-01  -9.51591e-03  -8.08509e+01
   3  mean         9.06048e+01   2.00000e+00  -5.95348e-02  -5.98550e+03
   4  n            1.58718e+00   2.00000e+00  -9.56427e-03  -7.39023e+02
   5  n_back       7.78125e+03   5.79000e+02  -1.61316e-01   3.71802e+02
   6  n_back_pass   6.65627e+03   1.01000e+02  -4.44014e-02   3.11384e+02
   7  n_signal_total   1.33424e+04   1.01000e+02   2.31735e-01  -9.15578e+02
   8  n_signal_total_pass   1.36814e+04   1.01000e+02   2.50792e-01  -6.62714e+02
   9  sigma        2.69741e+00   2.01000e+00  -8.00351e-02  -7.78612e+03
  10  sigma_cb     1.60906e+00   5.00000e-01  -7.10498e-02  -5.68630e+03
                               ERR DEF= 0.5
 RELATIVE CHANGE IN COV. MATRIX= 51.6 per cent
 FCN=-211596 FROM MIGRAD    STATUS=PROGRESS      339 CALLS         340 TOTAL
                     EDM=892.497    STRATEGY= 1      NO ERROR MATRIX       
  EXT PARAMETER               CURRENT GUESS       STEP         FIRST   
  NO.   NAME      VALUE            ERROR          SIZE      DERIVATIVE 
   1  a           -4.81901e-02   4.00000e+00  -5.67234e-04   2.75063e+05
   2  alpha        9.50079e-01   5.00000e-01   5.80373e-03  -1.12841e+03
   3  mean         9.06433e+01   2.00000e+00   3.85757e-03   1.04703e+03
   4  n            2.14634e+00   2.00000e+00   9.63623e-02  -7.44313e+02
   5  n_back       7.09219e+03   5.79000e+02  -6.62607e-02   6.52333e+02
   6  n_back_pass   6.31807e+03   1.01000e+02  -3.48223e-02   8.08656e+02
   7  n_signal_total   1.44201e+04   1.01000e+02   1.01654e-01  -6.69243e+02
   8  n_signal_total_pass   1.45777e+04   1.01000e+02   9.08143e-02  -4.41901e+02
   9  sigma        4.01480e+00   2.01000e+00   7.46424e-02   3.23757e+03
  10  sigma_cb     2.22488e+00   5.00000e-01   1.05733e-01   1.21954e+03
                               ERR DEF= 0.5
 RELATIVE CHANGE IN COV. MATRIX= 29.4 per cent
 FCN=-211769 FROM MIGRAD    STATUS=PROGRESS      363 CALLS         364 TOTAL
                     EDM=137.563    STRATEGY= 1  ERROR MATRIX UNCERTAINTY  29.4 per cent
  EXT PARAMETER                APPROXIMATE        STEP         FIRST   
  NO.   NAME      VALUE            ERROR          SIZE      DERIVATIVE 
   1  a           -5.27243e-02   5.95121e-04  -2.26711e-04   2.55447e+05
   2  alpha        1.11850e+00   2.36456e-02   8.32196e-02   5.03750e+02
   3  mean         9.06513e+01   1.85373e-02   8.02592e-04   3.54200e+03
   4  n            2.85078e+00   9.80496e-02   1.06774e-01   1.74618e+02
   5  n_back       6.43211e+03   1.20351e+02  -6.50734e-02  -1.88105e+02
   6  n_back_pass   5.72378e+03   1.03990e+02  -6.25319e-02  -3.47457e+01
   7  n_signal_total   1.50284e+04   1.02768e+02   5.88436e-02  -2.75261e+02
   8  n_signal_total_pass   1.50066e+04   9.62813e+01   4.46561e-02  -1.76400e+02
   9  sigma        3.96689e+00   6.48528e-02  -2.47848e-03   1.20668e+03
  10  sigma_cb     2.33781e+00   3.59961e-02   1.62469e-02   1.47753e+02
                               ERR DEF= 0.5
 RELATIVE CHANGE IN COV. MATRIX= 19.1 per cent
 FCN=-211883 FROM MIGRAD    STATUS=PROGRESS      385 CALLS         386 TOTAL
                     EDM=28.8197    STRATEGY= 1  ERROR MATRIX UNCERTAINTY  19.1 per cent
  EXT PARAMETER                APPROXIMATE        STEP         FIRST   
  NO.   NAME      VALUE            ERROR          SIZE      DERIVATIVE 
   1  a           -6.09029e-02   6.30654e-04  -4.08932e-04   5.94539e+04
   2  alpha        1.01862e+00   1.97930e-02  -4.87411e-02   1.47077e+02
   3  mean         9.04977e+01   1.79974e-02  -1.53856e-02  -1.75679e+03
   4  n            3.10500e+00   9.81447e-02   3.57145e-02   8.68064e+01
   5  n_back       6.36902e+03   1.16550e+02  -6.31696e-03   2.74768e+02
   6  n_back_pass   5.37406e+03   1.01372e+02  -3.77367e-02   1.85635e+01
   7  n_signal_total   1.58637e+04   1.01611e+02   8.31478e-02   4.42466e+01
   8  n_signal_total_pass   1.55540e+04   9.46706e+01   5.84168e-02  -6.69701e+01
   9  sigma        3.69551e+00   6.25652e-02  -1.43287e-02   7.15824e+02
  10  sigma_cb     2.53250e+00   3.87972e-02   2.65314e-02   8.66297e+01
                               ERR DEF= 0.5
 RELATIVE CHANGE IN COV. MATRIX= 14.9 per cent
 FCN=-211916 FROM MIGRAD    STATUS=PROGRESS      408 CALLS         409 TOTAL
                     EDM=9.22845    STRATEGY= 1  ERROR MATRIX UNCERTAINTY  14.9 per cent
  EXT PARAMETER                APPROXIMATE        STEP         FIRST   
  NO.   NAME      VALUE            ERROR          SIZE      DERIVATIVE 
   1  a           -6.51615e-02   8.16181e-04  -2.12928e-04  -2.54998e+03
   2  alpha        9.07980e-01   2.06436e-02  -5.61271e-02   1.31613e+02
   3  mean         9.05595e+01   1.71437e-02   6.18877e-03  -6.47420e+02
   4  n            2.99204e+00   9.61669e-02  -1.57147e-02   6.50978e+01
   5  n_back       5.72857e+03   1.13764e+02  -6.52500e-02  -1.25444e+02
   6  n_back_pass   5.23582e+03   1.02433e+02  -1.51360e-02   1.87309e+02
   7  n_signal_total   1.60914e+04   1.08677e+02   2.32358e-02  -5.54698e+01
   8  n_signal_total_pass   1.58459e+04   9.90449e+01   3.19143e-02  -3.21266e+01
   9  sigma        3.34689e+00   6.40922e-02  -1.91952e-02  -4.93361e+02
  10  sigma_cb     2.62417e+00   4.17787e-02   1.19286e-02   9.48148e+00
                               ERR DEF= 0.5
 RELATIVE CHANGE IN COV. MATRIX= 13.5 per cent
 FCN=-211924 FROM MIGRAD    STATUS=PROGRESS      430 CALLS         431 TOTAL
                     EDM=3.66171    STRATEGY= 1  ERROR MATRIX UNCERTAINTY  13.5 per cent
  EXT PARAMETER                APPROXIMATE        STEP         FIRST   
  NO.   NAME      VALUE            ERROR          SIZE      DERIVATIVE 
   1  a           -6.61366e-02   9.04107e-04  -4.87536e-05  -8.16889e+02
   2  alpha        8.57000e-01   2.38027e-02  -2.67464e-02  -9.63380e+00
   3  mean         9.06007e+01   1.91191e-02   4.13284e-03   2.76887e+02
   4  n            2.88332e+00   9.63750e-02  -1.53559e-02   3.38142e+01
   5  n_back       5.75297e+03   1.17283e+02   2.52611e-03   7.32816e+01
   6  n_back_pass   4.90344e+03   1.05547e+02  -3.69551e-02  -4.79416e+01
   7  n_signal_total   1.62135e+04   1.11588e+02   1.25824e-02  -3.77148e+01
   8  n_signal_total_pass   1.59553e+04   1.03213e+02   1.21088e-02  -8.17274e+01
   9  sigma        3.36870e+00   6.55116e-02   1.22927e-03  -3.65241e+02
  10  sigma_cb     2.59876e+00   4.10870e-02  -3.27308e-03   1.37784e+02
                               ERR DEF= 0.5
 RELATIVE CHANGE IN COV. MATRIX= 11.4 per cent
 FCN=-211929 FROM MIGRAD    STATUS=PROGRESS      452 CALLS         453 TOTAL
                     EDM=1.56925    STRATEGY= 1  ERROR MATRIX UNCERTAINTY  11.4 per cent
  EXT PARAMETER                APPROXIMATE        STEP         FIRST   
  NO.   NAME      VALUE            ERROR          SIZE      DERIVATIVE 
   1  a           -6.65692e-02   9.16334e-04  -2.16341e-05   2.14800e+04
   2  alpha        8.47595e-01   2.42061e-02  -5.00259e-03  -6.84860e+01
   3  mean         9.05995e+01   1.89555e-02  -1.23824e-04   4.48423e+01
   4  n            2.77227e+00   9.75540e-02  -1.59368e-02   5.56066e+01
   5  n_back       5.57857e+03   1.12770e+02  -1.81362e-02  -2.69721e+01
   6  n_back_pass   4.83346e+03   1.10560e+02  -7.88976e-03  -2.35886e+01
   7  n_signal_total   1.63369e+04   1.13820e+02   1.27995e-02  -3.22565e+01
   8  n_signal_total_pass   1.61355e+04   1.05240e+02   2.01528e-02  -2.65615e+01
   9  sigma        3.57386e+00   6.43197e-02   1.13739e-02   2.10539e+02
  10  sigma_cb     2.51944e+00   4.03671e-02  -1.03821e-02   1.43400e+02
                               ERR DEF= 0.5
 RELATIVE CHANGE IN COV. MATRIX= 12.6 per cent
 FCN=-211932 FROM MIGRAD    STATUS=PROGRESS      474 CALLS         475 TOTAL
                     EDM=2.03391    STRATEGY= 1  ERROR MATRIX UNCERTAINTY  12.6 per cent
  EXT PARAMETER                APPROXIMATE        STEP         FIRST   
  NO.   NAME      VALUE            ERROR          SIZE      DERIVATIVE 
   1  a           -6.82077e-02   9.54126e-04  -8.19235e-05   3.37527e+03
   2  alpha        8.60366e-01   2.41823e-02   6.78732e-03  -3.18059e+01
   3  mean         9.06097e+01   1.89255e-02   1.01749e-03   1.49089e+02
   4  n            2.50784e+00   1.07662e-01  -3.90714e-02   7.14195e+01
   5  n_back       5.52061e+03   1.20443e+02  -6.06903e-03   3.76510e+01
   6  n_back_pass   4.80123e+03   1.11925e+02  -3.64651e-03   6.75723e+01
   7  n_signal_total   1.65537e+04   1.24426e+02   2.27086e-02   3.80428e+01
   8  n_signal_total_pass   1.63659e+04   1.23982e+02   2.61380e-02   5.35122e+01
   9  sigma        3.64390e+00   8.36177e-02   3.80856e-03  -7.05610e+01
  10  sigma_cb     2.44759e+00   4.73313e-02  -9.63285e-03  -1.37197e+02
                               ERR DEF= 0.5
 RELATIVE CHANGE IN COV. MATRIX= 16.2 per cent
 FCN=-211941 FROM MIGRAD    STATUS=PROGRESS      500 CALLS         501 TOTAL
                     EDM=5.48371    STRATEGY= 1  ERROR MATRIX UNCERTAINTY  16.2 per cent
  EXT PARAMETER                APPROXIMATE        STEP         FIRST   
  NO.   NAME      VALUE            ERROR          SIZE      DERIVATIVE 
   1  a           -7.21100e-02   1.21670e-03  -1.95117e-04  -1.70629e+04
   2  alpha        9.20706e-01   2.62362e-02   3.15459e-02  -2.33311e+02
   3  mean         9.06057e+01   1.88324e-02  -3.92358e-04  -1.69187e+02
   4  n            1.67780e+00   1.50672e-01  -1.36222e-01  -9.10014e+01
   5  n_back       5.15255e+03   1.25195e+02  -3.90522e-02   1.41588e+02
   6  n_back_pass   4.41819e+03   1.13357e+02  -4.40358e-02   1.25933e+02
   7  n_signal_total   1.69051e+04   1.45964e+02   3.74785e-02  -3.71318e+00
   8  n_signal_total_pass   1.67065e+04   1.45595e+02   3.95194e-02   1.50646e+01
   9  sigma        3.84430e+00   9.31667e-02   1.07015e-02   1.70711e+02
  10  sigma_cb     2.38724e+00   5.02112e-02  -8.26887e-03   3.84845e+01
                               ERR DEF= 0.5
 RELATIVE CHANGE IN COV. MATRIX= 22.4 per cent
 FCN=-211945 FROM MIGRAD    STATUS=PROGRESS      521 CALLS         522 TOTAL
                     EDM=8.533    STRATEGY= 1  ERROR MATRIX UNCERTAINTY  22.4 per cent
  EXT PARAMETER                APPROXIMATE        STEP         FIRST   
  NO.   NAME      VALUE            ERROR          SIZE      DERIVATIVE 
   1  a           -7.39182e-02   1.62150e-03  -9.04125e-05  -2.05491e+04
   2  alpha        1.00620e+00   4.05780e-02   4.33612e-02  -2.01125e+02
   3  mean         9.05916e+01   1.90768e-02  -1.41441e-03  -2.84942e+02
   4  n            1.30950e+00   2.37131e-01  -7.01792e-02  -1.73527e+02
   5  n_back       4.91131e+03   1.70848e+02  -2.61195e-02   1.32099e+02
   6  n_back_pass   4.16580e+03   1.65588e+02  -2.97810e-02   8.18219e+01
   7  n_signal_total   1.70523e+04   1.70416e+02   1.59596e-02  -5.02255e+01
   8  n_signal_total_pass   1.68163e+04   1.63261e+02   1.29901e-02  -4.43664e+01
   9  sigma        3.94973e+00   1.11713e-01   5.51906e-03   2.79251e+02
  10  sigma_cb     2.38749e+00   5.01217e-02   3.44185e-05   1.79105e+02
                               ERR DEF= 0.5
 RELATIVE CHANGE IN COV. MATRIX= 33.8 per cent
 FCN=-211946 FROM MIGRAD    STATUS=PROGRESS      543 CALLS         544 TOTAL
                     EDM=1.99144    STRATEGY= 1  ERROR MATRIX UNCERTAINTY  33.8 per cent
  EXT PARAMETER                APPROXIMATE        STEP         FIRST   
  NO.   NAME      VALUE            ERROR          SIZE      DERIVATIVE 
   1  a           -7.37032e-02   1.30287e-03   1.07525e-05  -1.42319e+04
   2  alpha        1.01645e+00   3.68519e-02   5.10352e-03  -3.95526e+01
   3  mean         9.05883e+01   1.92922e-02  -3.34541e-04  -1.81074e+02
   4  n            1.35213e+00   1.48695e-01   8.55316e-03  -2.25089e+00
   5  n_back       4.90486e+03   1.49274e+02  -7.04959e-04   4.64412e+01
   6  n_back_pass   4.16089e+03   1.39468e+02  -5.85226e-04  -4.92154e+00
   7  n_signal_total   1.70315e+04   1.49572e+02  -2.26029e-03  -4.02448e+01
   8  n_signal_total_pass   1.67859e+04   1.43649e+02  -3.60919e-03  -4.06528e+01
   9  sigma        3.93528e+00   9.47929e-02  -7.51923e-04   1.43015e+02
  10  sigma_cb     2.40137e+00   4.84339e-02   1.91789e-03   1.26801e+02
                               ERR DEF= 0.5
 RELATIVE CHANGE IN COV. MATRIX= 24.7 per cent
 FCN=-211949 FROM MIGRAD    STATUS=PROGRESS      567 CALLS         568 TOTAL
                     EDM=0.944937    STRATEGY= 1  ERROR MATRIX UNCERTAINTY  24.7 per cent
  EXT PARAMETER                APPROXIMATE        STEP         FIRST   
  NO.   NAME      VALUE            ERROR          SIZE      DERIVATIVE 
   1  a           -7.48369e-02   1.23927e-03  -5.66882e-05  -9.51092e+03
   2  alpha        1.07590e+00   3.82244e-02   2.92364e-02  -6.67120e+01
   3  mean         9.05989e+01   1.86461e-02   1.06019e-03   1.17514e+02
   4  n            1.08966e+00   1.07548e-01  -5.48919e-02  -7.79827e+01
   5  n_back       4.61466e+03   1.39695e+02  -3.20515e-02  -3.81408e+00
   6  n_back_pass   3.97482e+03   1.34489e+02  -2.24019e-02   5.35680e+01
   7  n_signal_total   1.72800e+04   1.32705e+02   2.72948e-02  -4.67121e+01
   8  n_signal_total_pass   1.70128e+04   1.23219e+02   2.71608e-02  -3.31969e+01
   9  sigma        4.03321e+00   9.07297e-02   5.07083e-03   1.34577e+01
  10  sigma_cb     2.33850e+00   4.10198e-02  -8.75750e-03  -7.40386e+00
                               ERR DEF= 0.5
 RELATIVE CHANGE IN COV. MATRIX= 25.9 per cent
 FCN=-211951 FROM MIGRAD    STATUS=PROGRESS      594 CALLS         595 TOTAL
                     EDM=4.17929    STRATEGY= 1  ERROR MATRIX UNCERTAINTY  25.9 per cent
  EXT PARAMETER                APPROXIMATE        STEP         FIRST   
  NO.   NAME      VALUE            ERROR          SIZE      DERIVATIVE 
   1  a           -7.64103e-02   1.35482e-03  -7.86688e-05   7.61655e+03
   2  alpha        1.18921e+00   5.15364e-02   5.41523e-02  -2.60883e+01
   3  mean         9.05780e+01   1.83118e-02  -2.08502e-03  -8.97776e+00
   4  n            8.38019e-01   1.36843e-01  -5.88699e-02   6.55440e+01
   5  n_back       4.33160e+03   1.83821e+02  -3.19849e-02   4.44872e+01
   6  n_back_pass   3.61183e+03   1.61691e+02  -4.49019e-02  -2.87135e+01
   7  n_signal_total   1.77950e+04   1.82696e+02   5.83357e-02   5.75016e+01
   8  n_signal_total_pass   1.74484e+04   1.65668e+02   5.38496e-02   1.95578e+01
   9  sigma        4.22852e+00   1.07659e-01   9.93596e-03   5.69829e+01
  10  sigma_cb     2.29365e+00   4.74022e-02  -6.36838e-03  -1.38999e+02
                               ERR DEF= 0.5
 RELATIVE CHANGE IN COV. MATRIX= 25.6 per cent
 FCN=-211952 FROM MIGRAD    STATUS=PROGRESS      616 CALLS         617 TOTAL
                     EDM=1.2361    STRATEGY= 1  ERROR MATRIX UNCERTAINTY  25.6 per cent
  EXT PARAMETER                APPROXIMATE        STEP         FIRST   
  NO.   NAME      VALUE            ERROR          SIZE      DERIVATIVE 
   1  a           -7.68101e-02   1.45858e-03  -1.99879e-05   7.38847e+03
   2  alpha        1.21541e+00   6.97589e-02   1.22639e-02  -3.06645e+01
   3  mean         9.05740e+01   2.04495e-02  -4.04817e-04  -1.23298e+02
   4  n            7.79578e-01   1.54230e-01  -1.48360e-02   5.37736e+00
   5  n_back       4.26298e+03   2.08773e+02  -7.87078e-03   6.68089e+01
   6  n_back_pass   3.54276e+03   2.22659e+02  -8.74171e-03  -1.27859e+01
   7  n_signal_total   1.78804e+04   2.87511e+02   9.93089e-03   5.96793e+01
   8  n_signal_total_pass   1.75219e+04   2.49929e+02   9.33487e-03   1.80105e+01
   9  sigma        4.26009e+00   1.39688e-01   1.58501e-03   1.08066e+02
  10  sigma_cb     2.28992e+00   4.99781e-02  -5.35519e-04  -6.79156e+01
                               ERR DEF= 0.5
 RELATIVE CHANGE IN COV. MATRIX= 56.2 per cent
 FCN=-211953 FROM MIGRAD    STATUS=PROGRESS      638 CALLS         639 TOTAL
                     EDM=1.23744    STRATEGY= 1  ERROR MATRIX UNCERTAINTY  56.2 per cent
  EXT PARAMETER                APPROXIMATE        STEP         FIRST   
  NO.   NAME      VALUE            ERROR          SIZE      DERIVATIVE 
   1  a           -7.69074e-02   1.23097e-03  -4.86894e-06   4.93937e+03
   2  alpha        1.21511e+00   4.22640e-02  -1.40911e-04   6.52531e+01
   3  mean         9.05745e+01   1.84565e-02   5.14159e-05  -4.88539e+00
   4  n            7.88050e-01   8.97473e-02   2.18304e-03   9.57032e+01
   5  n_back       4.22567e+03   1.69476e+02  -4.29930e-03  -2.19902e+01
   6  n_back_pass   3.56557e+03   1.57189e+02   2.89359e-03  -2.48759e+01
   7  n_signal_total   1.77991e+04   1.79401e+02  -9.45486e-03   2.39652e+01
   8  n_signal_total_pass   1.74656e+04   1.67481e+02  -7.15158e-03   5.55189e+00
   9  sigma        4.18844e+00   8.89614e-02  -3.60536e-03  -1.76123e+01
  10  sigma_cb     2.32712e+00   4.22474e-02   5.29777e-03  -2.70194e+00
                               ERR DEF= 0.5
 RELATIVE CHANGE IN COV. MATRIX= 29.6 per cent
 FCN=-211953 FROM MIGRAD    STATUS=PROGRESS      660 CALLS         661 TOTAL
                     EDM=0.0379072    STRATEGY= 1  ERROR MATRIX UNCERTAINTY  29.6 per cent
  EXT PARAMETER                APPROXIMATE        STEP         FIRST   
  NO.   NAME      VALUE            ERROR          SIZE      DERIVATIVE 
   1  a           -7.70229e-02   1.24356e-03  -5.77217e-06   2.06317e+03
   2  alpha        1.20952e+00   4.22517e-02  -2.60992e-03   1.23072e+00
   3  mean         9.05773e+01   1.85621e-02   2.81609e-04   3.82079e+01
   4  n            7.81681e-01   8.86170e-02  -1.64002e-03   7.36894e+00
   5  n_back       4.21283e+03   1.73382e+02  -1.48358e-03  -1.51061e+01
   6  n_back_pass   3.56504e+03   1.57217e+02  -6.64240e-05  -1.05689e+00
   7  n_signal_total   1.77743e+04   1.95916e+02  -2.87291e-03   4.07468e+00
   8  n_signal_total_pass   1.74534e+04   1.73976e+02  -1.55339e-03  -5.09678e+00
   9  sigma        4.17477e+00   1.04610e-01  -6.91010e-04  -1.45840e-01
  10  sigma_cb     2.32902e+00   4.58081e-02   2.69009e-04  -1.21948e+01
                               ERR DEF= 0.5
 RELATIVE CHANGE IN COV. MATRIX= 15.8 per cent
 FCN=-211953 FROM MIGRAD    STATUS=PROGRESS      682 CALLS         683 TOTAL
                     EDM=0.00242359    STRATEGY= 1  ERROR MATRIX UNCERTAINTY  15.8 per cent
  EXT PARAMETER                APPROXIMATE        STEP         FIRST   
  NO.   NAME      VALUE            ERROR          SIZE      DERIVATIVE 
   1  a           -7.70613e-02   1.22773e-03  -1.92078e-06  -9.32677e+01
   2  alpha        1.20742e+00   4.11753e-02  -9.81111e-04   5.33691e-01
   3  mean         9.05757e+01   1.72832e-02  -1.59295e-04  -3.49356e+00
   4  n            7.88670e-01   8.71979e-02   1.79932e-03  -8.54687e-01
   5  n_back       4.24130e+03   1.67710e+02   3.28603e-03   1.58367e+00
   6  n_back_pass   3.57524e+03   1.57217e+02   1.29212e-03  -2.05642e+00
   7  n_signal_total   1.77505e+04   1.94284e+02  -2.75157e-03   2.38444e+00
   8  n_signal_total_pass   1.74455e+04   1.73216e+02  -9.90229e-04  -3.82137e+00
   9  sigma        4.16307e+00   1.03088e-01  -5.92299e-04  -6.53220e+00
  10  sigma_cb     2.33592e+00   4.60199e-02   9.73731e-04  -2.67279e+00
                               ERR DEF= 0.5
 RELATIVE CHANGE IN COV. MATRIX=  9.8 per cent
 FCN=-211953 FROM MIGRAD    STATUS=PROGRESS      704 CALLS         705 TOTAL
                     EDM=0.000354642    STRATEGY= 1  ERROR MATRIX UNCERTAINTY   9.8 per cent
  EXT PARAMETER                APPROXIMATE        STEP         FIRST   
  NO.   NAME      VALUE            ERROR          SIZE      DERIVATIVE 
   1  a           -7.70694e-02   1.23350e-03  -4.06886e-07  -6.00390e+01
   2  alpha        1.20679e+00   4.17670e-02  -2.91839e-04  -6.88107e-01
   3  mean         9.05758e+01   1.76409e-02   4.56220e-06   7.38415e-01
   4  n            7.90130e-01   8.99213e-02   3.74896e-04  -9.41965e-01
   5  n_back       4.24198e+03   1.81584e+02   7.84935e-05   3.02832e-01
   6  n_back_pass   3.57830e+03   1.60974e+02   3.86451e-04   1.24887e+00
   7  n_signal_total   1.77466e+04   2.06648e+02  -4.47993e-04   1.12612e+00
   8  n_signal_total_pass   1.74503e+04   1.72012e+02   5.99422e-04  -9.66625e-01
   9  sigma        4.16442e+00   1.05246e-01   6.79487e-05   3.53738e+00
  10  sigma_cb     2.33639e+00   4.94307e-02   6.57123e-05   2.94200e+00
                               ERR DEF= 0.5
 RELATIVE CHANGE IN COV. MATRIX=  6.2 per cent
 FCN=-211953 FROM MIGRAD    STATUS=PROGRESS      726 CALLS         727 TOTAL
                     EDM=4.06538e-05    STRATEGY= 1  ERROR MATRIX UNCERTAINTY   6.2 per cent
  EXT PARAMETER                APPROXIMATE        STEP         FIRST   
  NO.   NAME      VALUE            ERROR          SIZE      DERIVATIVE 
   1  a           -7.70784e-02   1.23970e-03  -4.47666e-07   4.05247e+01
   2  alpha        1.20723e+00   4.13455e-02   2.04538e-04  -1.97448e-01
   3  mean         9.05757e+01   1.76333e-02  -4.17338e-06  -2.75688e+00
   4  n            7.88918e-01   8.84926e-02  -3.11262e-04  -1.63219e-01
   5  n_back       4.23988e+03   1.80885e+02  -2.42720e-04  -2.95987e-01
   6  n_back_pass   3.57511e+03   1.56445e+02  -4.03262e-04   5.12766e-01
   7  n_signal_total   1.77459e+04   2.09000e+02  -7.47473e-05  -7.67539e-02
   8  n_signal_total_pass   1.74558e+04   1.87095e+02   6.98799e-04   2.41689e-01
   9  sigma        4.16518e+00   1.06416e-01   3.87348e-05   8.83729e-03
  10  sigma_cb     2.33561e+00   4.88340e-02  -1.09416e-04  -1.01084e-01
                               ERR DEF= 0.5
 RELATIVE CHANGE IN COV. MATRIX=  6.2 per cent
 MIGRAD MINIMIZATION HAS CONVERGED.
 MIGRAD WILL VERIFY CONVERGENCE AND ERROR MATRIX.
   START COVARIANCE MATRIX CALCULATION.
 EIGENVALUES OF SECOND-DERIVATIVE MATRIX:
         1.8735e-02  1.4915e-01  1.7432e-01  6.9624e-01  7.4428e-01  1.0690e+00  1.2242e+00  1.2911e+00  1.8589e+00  2.7742e+00
 COVARIANCE MATRIX CALCULATED SUCCESSFULLY
 FCN=-211953 FROM MIGRAD    STATUS=CONVERGED     826 CALLS         827 TOTAL
                     EDM=0.000103736    STRATEGY= 1      ERROR MATRIX ACCURATE 
  EXT PARAMETER                                   STEP         FIRST   
  NO.   NAME      VALUE            ERROR          SIZE      DERIVATIVE 
   1  a           -7.70784e-02   3.62966e-03   2.58543e-05   2.69520e+01
   2  alpha        1.20723e+00   4.62370e-02   2.35475e-03  -1.79313e-01
   3  mean         9.05757e+01   1.76315e-02   5.36126e-04  -2.77068e+00
   4  n            7.88918e-01   1.00464e-01   1.82558e-03  -1.24009e-02
   5  n_back       4.23988e+03   2.59218e+02   3.15827e-03  -2.88052e-01
   6  n_back_pass   3.57511e+03   2.36431e+02   3.25063e-03   5.17962e-01
   7  n_signal_total   1.77459e+04   2.83524e+02   5.15497e-03  -2.21123e-02
   8  n_signal_total_pass   1.74558e+04   2.63582e+02   5.57712e-03   3.00201e-01
   9  sigma        4.16518e+00   1.71099e-01   1.01523e-03   1.47215e-01
  10  sigma_cb     2.33561e+00   7.10315e-02   1.49795e-03   2.48312e-02
                               ERR DEF= 0.5
 EXTERNAL ERROR MATRIX.    NDIM=  25    NPAR= 10    ERR DEF=0.5
  1.317e-05 -7.466e-05 -5.402e-06  2.297e-04  7.666e-01  6.816e-01 -7.644e-01 -6.794e-01 -4.384e-04  1.426e-04 
 -7.466e-05  2.138e-03 -2.152e-05 -3.857e-03 -6.627e+00 -6.078e+00  6.612e+00  6.061e+00  5.339e-03 -2.047e-03 
 -5.402e-06 -2.152e-05  3.109e-04 -1.150e-04 -4.199e-01 -3.820e-01  4.189e-01  3.809e-01  1.794e-04 -1.998e-04 
  2.297e-04 -3.857e-03 -1.150e-04  1.010e-02  2.180e+01  2.006e+01 -2.175e+01 -2.000e+01 -1.055e-02  3.955e-03 
  7.666e-01 -6.627e+00 -4.199e-01  2.180e+01  6.721e+04  5.366e+04 -6.281e+04 -5.350e+04 -2.806e+01  9.612e+00 
  6.816e-01 -6.078e+00 -3.820e-01  2.006e+01  5.366e+04  5.592e+04 -5.353e+04 -5.218e+04 -2.501e+01  8.610e+00 
 -7.644e-01  6.612e+00  4.189e-01 -2.175e+01 -6.281e+04 -5.353e+04  8.041e+04  5.337e+04  2.799e+01 -9.587e+00 
 -6.794e-01  6.061e+00  3.809e-01 -2.000e+01 -5.350e+04 -5.218e+04  5.337e+04  6.950e+04  2.493e+01 -8.583e+00 
 -4.384e-04  5.339e-03  1.794e-04 -1.055e-02 -2.806e+01 -2.501e+01  2.799e+01  2.493e+01  2.928e-02 -1.055e-02 
  1.426e-04 -2.047e-03 -1.998e-04  3.955e-03  9.612e+00  8.610e+00 -9.587e+00 -8.583e+00 -1.055e-02  5.046e-03 
 PARAMETER  CORRELATION COEFFICIENTS  
       NO.  GLOBAL      1      2      3      4      5      6      7      8      9     10
        1  0.89383   1.000 -0.445 -0.084  0.630  0.815  0.794 -0.743 -0.710 -0.706  0.553
        2  0.93948  -0.445  1.000 -0.026 -0.830 -0.553 -0.556  0.504  0.497  0.675 -0.623
        3  0.29721  -0.084 -0.026  1.000 -0.065 -0.092 -0.092  0.084  0.082  0.059 -0.160
        4  0.97500   0.630 -0.830 -0.065  1.000  0.837  0.844 -0.763 -0.755 -0.614  0.554
        5  0.94313   0.815 -0.553 -0.092  0.837  1.000  0.875 -0.854 -0.783 -0.633  0.522
        6  0.93983   0.794 -0.556 -0.092  0.844  0.875  1.000 -0.798 -0.837 -0.618  0.513
        7  0.86839  -0.743  0.504  0.084 -0.763 -0.854 -0.798  1.000  0.714  0.577 -0.476
        8  0.85040  -0.710  0.497  0.082 -0.755 -0.783 -0.837  0.714  1.000  0.553 -0.458
        9  0.92968  -0.706  0.675  0.059 -0.614 -0.633 -0.618  0.577  0.553  1.000 -0.868
       10  0.88240   0.553 -0.623 -0.160  0.554  0.522  0.513 -0.476 -0.458 -0.868  1.000
 EXTERNAL ERROR MATRIX.    NDIM=  10    NPAR= 10    ERR DEF=0.5
  1.317e-05 -7.466e-05 -5.402e-06  2.297e-04  7.666e-01  6.816e-01 -7.644e-01 -6.794e-01 -4.384e-04  1.426e-04 
 -7.466e-05  2.138e-03 -2.152e-05 -3.857e-03 -6.627e+00 -6.078e+00  6.612e+00  6.061e+00  5.339e-03 -2.047e-03 
 -5.402e-06 -2.152e-05  3.109e-04 -1.150e-04 -4.199e-01 -3.820e-01  4.189e-01  3.809e-01  1.794e-04 -1.998e-04 
  2.297e-04 -3.857e-03 -1.150e-04  1.010e-02  2.180e+01  2.006e+01 -2.175e+01 -2.000e+01 -1.055e-02  3.955e-03 
  7.666e-01 -6.627e+00 -4.199e-01  2.180e+01  6.721e+04  5.366e+04 -6.281e+04 -5.350e+04 -2.806e+01  9.612e+00 
  6.816e-01 -6.078e+00 -3.820e-01  2.006e+01  5.366e+04  5.592e+04 -5.353e+04 -5.218e+04 -2.501e+01  8.610e+00 
 -7.644e-01  6.612e+00  4.189e-01 -2.175e+01 -6.281e+04 -5.353e+04  8.041e+04  5.337e+04  2.799e+01 -9.587e+00 
 -6.794e-01  6.061e+00  3.809e-01 -2.000e+01 -5.350e+04 -5.218e+04  5.337e+04  6.950e+04  2.493e+01 -8.583e+00 
 -4.384e-04  5.339e-03  1.794e-04 -1.055e-02 -2.806e+01 -2.501e+01  2.799e+01  2.493e+01  2.928e-02 -1.055e-02 
  1.426e-04 -2.047e-03 -1.998e-04  3.955e-03  9.612e+00  8.610e+00 -9.587e+00 -8.583e+00 -1.055e-02  5.046e-03 
 **********
 **    7 **SET ERR         0.5
 **********
 **********
 **    8 **SET PRINT           3
 **********
 **********
 **    9 **HESSE        5000
 **********
   START COVARIANCE MATRIX CALCULATION.
 EIGENVALUES OF SECOND-DERIVATIVE MATRIX:
         1.3808e-02  1.4540e-01  1.7350e-01  6.9633e-01  7.4678e-01  1.0703e+00  1.2255e+00  1.2925e+00  1.8605e+00  2.7754e+00
 COVARIANCE MATRIX CALCULATED SUCCESSFULLY
 FCN=-211953 FROM HESSE     STATUS=OK             86 CALLS         913 TOTAL
                     EDM=0.000112336    STRATEGY= 1      ERROR MATRIX ACCURATE 
  EXT PARAMETER                                INTERNAL      INTERNAL  
  NO.   NAME      VALUE            ERROR       STEP SIZE       VALUE   
   1  a           -7.70784e-02   3.98741e-03   1.03417e-06  -3.85393e-03
   2  alpha        1.20723e+00   5.19022e-02   9.41898e-05  -5.43469e-01
   3  mean         9.05757e+01   1.76372e-02   1.07225e-04   5.76064e-02
   4  n            7.88918e-01   1.16184e-01   7.30232e-05  -1.17092e+00
   5  n_back       4.23988e+03   2.93527e+02   6.31653e-04  -6.61513e-01
   6  n_back_pass   3.57511e+03   2.67719e+02   6.50126e-04  -7.20817e-01
   7  n_signal_total   1.77459e+04   3.15667e+02   2.06199e-04   6.61491e-01
   8  n_signal_total_pass   1.74558e+04   2.92476e+02   2.23085e-04   7.20931e-01
   9  sigma        4.16518e+00   1.88433e-01   4.06091e-05  -1.16456e+00
  10  sigma_cb     2.33561e+00   7.70684e-02   5.99178e-05  -1.19853e+00
                               ERR DEF= 0.5
 EXTERNAL ERROR MATRIX.    NDIM=  25    NPAR= 10    ERR DEF=0.5
  1.590e-05 -1.125e-04 -6.544e-06  3.256e-04  9.939e-01  8.889e-01 -9.938e-01 -8.888e-01 -5.659e-04  1.900e-04 
 -1.125e-04  2.694e-03 -3.354e-06 -5.220e-03 -9.793e+00 -8.966e+00  9.793e+00  8.966e+00  7.192e-03 -2.754e-03 
 -6.544e-06 -3.354e-06  3.111e-04 -1.581e-04 -5.168e-01 -4.705e-01  5.168e-01  4.705e-01  2.330e-04 -2.192e-04 
  3.256e-04 -5.220e-03 -1.581e-04  1.350e-02  2.981e+01  2.736e+01 -2.981e+01 -2.736e+01 -1.510e-02  5.655e-03 
  9.939e-01 -9.793e+00 -5.168e-01  2.981e+01  8.619e+04  7.096e+04 -8.195e+04 -7.096e+04 -3.867e+01  1.354e+01 
  8.889e-01 -8.966e+00 -4.705e-01  2.736e+01  7.096e+04  7.170e+04 -7.096e+04 -6.812e+04 -3.468e+01  1.219e+01 
 -9.938e-01  9.793e+00  5.168e-01 -2.981e+01 -8.195e+04 -7.096e+04  9.969e+04  7.096e+04  3.866e+01 -1.354e+01 
 -8.888e-01  8.966e+00  4.705e-01 -2.736e+01 -7.096e+04 -6.812e+04  7.096e+04  8.558e+04  3.468e+01 -1.219e+01 
 -5.659e-04  7.192e-03  2.330e-04 -1.510e-02 -3.867e+01 -3.468e+01  3.866e+01  3.468e+01  3.551e-02 -1.291e-02 
  1.900e-04 -2.754e-03 -2.192e-04  5.655e-03  1.354e+01  1.219e+01 -1.354e+01 -1.219e+01 -1.291e-02  5.940e-03 
 PARAMETER  CORRELATION COEFFICIENTS  
       NO.  GLOBAL      1      2      3      4      5      6      7      8      9     10
        1  0.91290   1.000 -0.543 -0.093  0.703  0.849  0.833 -0.789 -0.762 -0.753  0.618
        2  0.95229  -0.543  1.000 -0.004 -0.866 -0.643 -0.645  0.598  0.590  0.735 -0.688
        3  0.29820  -0.093 -0.004  1.000 -0.077 -0.100 -0.100  0.093  0.091  0.070 -0.161
        4  0.98137   0.703 -0.866 -0.077  1.000  0.874  0.879 -0.813 -0.805 -0.690  0.631
        5  0.95594   0.849 -0.643 -0.100  0.874  1.000  0.903 -0.884 -0.826 -0.699  0.599
        6  0.95340   0.833 -0.645 -0.100  0.879  0.903  1.000 -0.839 -0.870 -0.687  0.591
        7  0.89535  -0.789  0.598  0.093 -0.813 -0.884 -0.839  1.000  0.768  0.650 -0.557
        8  0.88045  -0.762  0.590  0.091 -0.805 -0.826 -0.870  0.768  1.000  0.629 -0.541
        9  0.94241  -0.753  0.735  0.070 -0.690 -0.699 -0.687  0.650  0.629  1.000 -0.889
       10  0.90109   0.618 -0.688 -0.161  0.631  0.599  0.591 -0.557 -0.541 -0.889  1.000
 EXTERNAL ERROR MATRIX.    NDIM=  10    NPAR= 10    ERR DEF=0.5
  1.590e-05 -1.125e-04 -6.544e-06  3.256e-04  9.939e-01  8.889e-01 -9.938e-01 -8.888e-01 -5.659e-04  1.900e-04 
 -1.125e-04  2.694e-03 -3.354e-06 -5.220e-03 -9.793e+00 -8.966e+00  9.793e+00  8.966e+00  7.192e-03 -2.754e-03 
 -6.544e-06 -3.354e-06  3.111e-04 -1.581e-04 -5.168e-01 -4.705e-01  5.168e-01  4.705e-01  2.330e-04 -2.192e-04 
  3.256e-04 -5.220e-03 -1.581e-04  1.350e-02  2.981e+01  2.736e+01 -2.981e+01 -2.736e+01 -1.510e-02  5.655e-03 
  9.939e-01 -9.793e+00 -5.168e-01  2.981e+01  8.619e+04  7.096e+04 -8.195e+04 -7.096e+04 -3.867e+01  1.354e+01 
  8.889e-01 -8.966e+00 -4.705e-01  2.736e+01  7.096e+04  7.170e+04 -7.096e+04 -6.812e+04 -3.468e+01  1.219e+01 
 -9.938e-01  9.793e+00  5.168e-01 -2.981e+01 -8.195e+04 -7.096e+04  9.969e+04  7.096e+04  3.866e+01 -1.354e+01 
 -8.888e-01  8.966e+00  4.705e-01 -2.736e+01 -7.096e+04 -6.812e+04  7.096e+04  8.558e+04  3.468e+01 -1.219e+01 
 -5.659e-04  7.192e-03  2.330e-04 -1.510e-02 -3.867e+01 -3.468e+01  3.866e+01  3.468e+01  3.551e-02 -1.291e-02 
  1.900e-04 -2.754e-03 -2.192e-04  5.655e-03  1.354e+01  1.219e+01 -1.354e+01 -1.219e+01 -1.291e-02  5.940e-03 
[#1] INFO:Minization -- RooMinimizer::optimizeConst: deactivating const optimization
[#1] INFO:Plotting -- RooAbsPdf::plotOn(model) directly selected PDF components: (signal)
[#1] INFO:Plotting -- RooAbsPdf::plotOn(model) indirectly selected PDF components: (CBS,BW)
[#1] INFO:Plotting -- RooAbsPdf::plotOn(model) directly selected PDF components: (BG)
[#1] INFO:Plotting -- RooAbsPdf::plotOn(model) indirectly selected PDF components: ()
[#0] ERROR:Plotting -- RooAbsPdf::plotOn(model) ERROR: component selection expression 'VT' does not select any components of p.d.f.
[#0] ERROR:Plotting -- RooAbsPdf::plotOn(model) ERROR: component selection expression 'VT2' does not select any components of p.d.f.
[#1] INFO:Plotting -- RooAbsPdf::plotOn(model) directly selected PDF components: (CBS)
[#1] INFO:Plotting -- RooAbsPdf::plotOn(model) indirectly selected PDF components: (signal)
[#1] INFO:Plotting -- RooAbsPdf::plotOn(model) directly selected PDF components: (BW)
[#1] INFO:Plotting -- RooAbsPdf::plotOn(model) indirectly selected PDF components: (signal)
[#1] INFO:Plotting -- RooAbsPdf::plotOn(model_pass) directly selected PDF components: (signal)
[#1] INFO:Plotting -- RooAbsPdf::plotOn(model_pass) indirectly selected PDF components: (CBS,BW)
[#1] INFO:Plotting -- RooAbsPdf::plotOn(model_pass) directly selected PDF components: (BG)
[#1] INFO:Plotting -- RooAbsPdf::plotOn(model_pass) indirectly selected PDF components: ()
[#0] ERROR:Plotting -- RooAbsPdf::plotOn(model_pass) ERROR: component selection expression 'VT' does not select any components of p.d.f.
[#0] ERROR:Plotting -- RooAbsPdf::plotOn(model_pass) ERROR: component selection expression 'VT2' does not select any components of p.d.f.
[#1] INFO:Plotting -- RooAbsPdf::plotOn(model_pass) directly selected PDF components: (CBS)
[#1] INFO:Plotting -- RooAbsPdf::plotOn(model_pass) indirectly selected PDF components: (signal)
[#1] INFO:Plotting -- RooAbsPdf::plotOn(model_pass) directly selected PDF components: (BW)
[#1] INFO:Plotting -- RooAbsPdf::plotOn(model_pass) indirectly selected PDF components: (signal)
[#1] INFO:InputArguments -- The formula PPTM_cond claims to use the variables (ProbeMuon_Pt,ProbeMuon_Eta,ProbeMuon_Phi) but only (ProbeMuon_Pt) seem to be in use.
  inputs:         ProbeMuon_Pt>=20.000000 && ProbeMuon_Pt< 25.000000
[#1] INFO:DataHandling -- RooAbsCategory::attachToTree(PassingProbeTrackingMuon) TTree branch PassingProbeTrackingMuon will be interpreted as category index
[#1] INFO:DataHandling -- RooTreeDataStore::loadValues(DATA) Skipping event #1 because ProbeMuon_Pt cannot accommodate the value 8.94856
[#1] INFO:DataHandling -- RooTreeDataStore::loadValues(DATA) Skipping event #10 because ProbeMuon_Pt cannot accommodate the value 5.97093
[#1] INFO:DataHandling -- RooTreeDataStore::loadValues(DATA) Skipping event #11 because ProbeMuon_Eta cannot accommodate the value 2.42373
[#1] INFO:DataHandling -- RooTreeDataStore::loadValues(DATA) Skipping event #19 because ProbeMuon_Eta cannot accommodate the value -2.45118
[#1] INFO:DataHandling -- RooTreeDataStore::loadValues(DATA) Skipping ...
[#0] WARNING:DataHandling -- RooTreeDataStore::loadValues(DATA) Ignored 49821 out-of-range events
